1 6 0 0 0 5 -1
2 6 0.06 0.06 0.07 0.125 1
3 6 0.13 0.15 0.12 0.125 2
4 6 0.22 0.24 0.19 0.125 3
5 6 0.29 0.33 0.26 0.125 4
6 6 0.35 0.41 0.31 0.125 5
7 6 0.43 0.5 0.38 0.125 6
8 6 0.48 0.59 0.44 0.125 7
9 6 0.57 0.67 0.51 0.125 8
10 6 0.64 0.76 0.57 0.125 9
11 6 0.7 0.85 0.63 0.125 10
12 6 1.02 1.23 0.91 0.125 11
13 6 1.1 1.32 0.98 0.125 12
14 6 1.17 1.41 1.05 0.125 13
15 6 1.23 1.5 1.1 0.125 14
16 6 1.31 1.59 1.18 0.125 15
17 6 1.37 1.67 1.23 0.125 16
18 6 1.46 1.76 1.3 0.125 17
19 6 1.53 1.85 1.36 0.125 18
20 6 1.86 2.78 1.01 0.125 19
21 6 1.88 3.13 0.89 0.125 20
22 6 1.89 3.5 0.79 0.125 21
23 6 2.05 5.23 0.42 0.125 22
24 6 2.03 5.72 0.47 0.125 23
25 6 2.01 6.21 0.51 0.125 24
26 6 2.05 6.41 0.51 0.125 25
27 6 2.09 6.6 0.52 0.125 26
28 6 2.13 6.8 0.53 0.125 27
29 6 2.15 7.27 0.41 0.125 28
30 6 2.18 7.74 0.29 0.125 29
31 6 2.19 7.82 0.21 0.125 30
32 6 2.2 7.89 0.13 0.125 31
33 6 2.22 7.97 0.03 0.125 32
34 6 2.25 8.05 -0.04 0.125 33
35 6 2.28 8.14 -0.13 0.125 34
36 6 2.32 8.24 -0.24 0.125 35
37 6 2.35 8.33 -0.33 0.125 36
38 6 2.29 8.38 -0.43 0.125 37
39 6 2.24 8.44 -0.51 0.125 38
40 6 2.29 8.6 -0.63 0.125 39
41 6 2.32 8.77 -0.75 0.125 40
42 6 2.51 9.17 -0.86 0.125 41
43 6 2.58 9.26 -0.86 0.125 42
44 6 2.64 9.34 -0.86 0.125 43
45 6 2.71 9.42 -0.86 0.125 44
46 6 2.82 9.6 -0.91 0.125 45
47 6 2.89 9.82 -0.91 0.125 46
48 6 2.96 10.04 -0.92 0.125 47
49 6 3.02 10.25 -0.92 0.125 48
50 6 3.06 10.35 -0.92 0.125 49
51 6 3.11 10.43 -0.9 0.125 50
52 6 3.18 10.52 -0.88 0.125 51
53 6 3.23 10.62 -0.87 0.125 52
54 6 3.24 10.73 -0.95 0.125 53
55 6 3.26 10.85 -1.05 0.125 54
56 6 3.27 10.97 -1.14 0.125 55
57 6 3.28 11.07 -1.21 0.125 56
58 6 3.27 11.18 -1.28 0.125 57
59 6 3.27 11.33 -1.36 0.125 58
60 6 3.27 11.49 -1.44 0.125 59
61 6 3.26 11.64 -1.52 0.125 60
62 6 3.2 11.7 -1.59 0.125 61
63 6 3.12 11.77 -1.68 0.125 62
64 6 3.16 11.85 -1.78 0.125 63
65 6 3.34 12.53 -2.57 0.125 64
66 6 3.32 12.68 -2.74 0.125 65
67 6 3.34 12.83 -2.84 0.125 66
68 6 3.97 13.52 -3.41 0.125 67
69 6 4.28 13.86 -3.77 0.125 68
70 6 4.59 14.18 -4.11 0.125 69
71 6 4.63 14.26 -4.2 0.125 70
72 6 4.66 14.34 -4.3 0.125 71
73 6 4.68 14.41 -4.39 0.125 72
74 6 4.71 14.49 -4.5 0.125 73
75 6 4.73 14.56 -4.58 0.125 74
76 6 4.76 14.63 -4.67 0.125 75
77 6 4.78 14.7 -4.75 0.125 76
78 6 4.81 14.84 -4.85 0.125 77
79 6 4.83 15 -4.96 0.125 78
80 6 4.84 15.07 -5.05 0.125 79
81 6 4.87 15.15 -5.13 0.125 80
82 6 4.89 15.23 -5.21 0.125 81
83 6 4.9 15.3 -5.29 0.125 82
84 6 4.91 15.38 -5.39 0.125 83
85 6 4.88 15.48 -5.48 0.125 84
86 6 4.84 15.57 -5.59 0.125 85
87 6 4.81 15.65 -5.72 0.125 86
88 6 4.8 15.73 -5.83 0.125 87
89 6 4.79 15.8 -5.9 0.125 88
90 6 4.78 15.88 -5.97 0.125 89
91 6 4.75 16.01 -6.08 0.125 90
92 6 4.72 16.09 -6.19 0.125 91
93 6 4.64 16.14 -6.27 0.125 92
94 6 4.64 16.25 -6.39 0.125 93
95 6 4.67 16.33 -6.49 0.125 94
96 6 4.69 16.41 -6.59 0.125 95
97 6 4.77 16.56 -6.74 0.125 96
98 6 4.85 16.71 -6.87 0.125 97
99 6 4.93 16.86 -7.01 0.125 98
100 6 4.92 16.91 -7.15 0.125 99
101 6 4.92 16.96 -7.27 0.125 100
102 6 4.91 17.05 -7.4 0.125 101
103 6 4.89 17.13 -7.53 0.125 102
104 6 4.82 17.21 -7.59 0.125 103
105 6 4.73 17.29 -7.67 0.125 104
106 6 4.73 17.42 -7.8 0.125 105
107 6 4.72 17.55 -7.94 0.125 106
108 6 4.72 17.65 -8.08 0.125 107
109 6 4.73 17.71 -8.21 0.125 108
110 6 4.71 17.73 -8.34 0.125 109
111 6 4.75 17.74 -8.44 0.125 110
112 6 4.79 17.75 -8.53 0.125 111
113 6 4.81 17.83 -8.61 0.125 112
114 6 4.82 17.92 -8.7 0.125 113
115 6 4.96 18 -8.89 0.125 114
116 6 5.1 18.09 -9.08 0.125 115
117 6 5.1 18.14 -9.2 0.125 116
118 6 5.08 18.19 -9.33 0.125 117
119 6 5.38 18.51 -9.6 0.125 118
120 6 5.55 18.79 -9.69 0.125 119
121 6 5.9 18.85 -9.98 0.125 120
122 6 6.79 19.1 -10.8 0.125 121
123 6 7.35 19.23 -11.33 0.125 122
124 6 7.47 19.24 -11.47 0.125 123
125 6 7.57 19.26 -11.62 0.125 124
126 6 7.69 19.28 -11.78 0.125 125
127 6 7.64 19.2 -11.87 0.125 126
128 6 7.66 19.19 -12.01 0.125 127
129 6 7.7 19.22 -12.11 0.125 128
130 6 7.83 19.37 -12.31 0.125 129
131 6 7.97 19.5 -12.49 0.125 130
132 6 8.27 19.68 -12.8 0.125 131
133 6 8.48 19.79 -12.93 0.125 132
134 6 8.7 19.89 -13.05 0.125 133
135 6 8.99 20.07 -13.22 0.125 134
136 6 9.26 20.23 -13.4 0.125 135
137 6 9.46 20.36 -13.57 0.125 136
138 6 9.79 20.49 -13.78 0.125 137
139 6 10.1 20.61 -13.99 0.125 138
140 6 10.38 20.73 -14.16 0.125 139
141 6 10.65 20.85 -14.32 0.125 140
142 6 10.76 20.86 -14.35 0.125 141
143 6 10.87 20.87 -14.37 0.125 142
144 6 10.97 20.89 -14.4 0.125 143
145 6 11.08 20.9 -14.42 0.125 144
146 6 11.2 20.92 -14.44 0.125 145
147 6 11.31 20.96 -14.48 0.125 146
148 6 11.43 20.97 -14.51 0.125 147
149 6 11.65 21.03 -14.64 0.125 148
150 6 11.88 21.09 -14.77 0.125 149
151 6 12.11 21.14 -14.88 0.125 150
152 6 12.25 21.25 -15.09 0.125 151
153 6 12.41 21.37 -15.29 0.125 152
154 6 12.6 21.38 -15.49 0.125 153
155 6 12.77 21.38 -15.7 0.125 154
156 6 13.05 21.42 -15.92 0.125 155
157 6 13.33 21.33 -16.08 0.125 156
158 6 13.61 21.25 -16.25 0.125 157
159 6 13.89 21.15 -16.4 0.125 158
160 6 14.02 21.14 -16.42 0.125 159
161 6 14.15 21.11 -16.46 0.125 160
162 6 14.26 21.1 -16.49 0.125 161
163 6 14.37 21.12 -16.53 0.125 162
164 6 14.49 21.14 -16.56 0.125 163
165 6 14.62 21.17 -16.59 0.125 164
166 6 14.72 21.17 -16.61 0.125 165
167 6 14.83 21.18 -16.63 0.125 166
168 6 15.15 21.23 -16.78 0.125 167
169 6 15.37 21.25 -16.88 0.125 168
170 6 15.56 21.31 -16.97 0.125 169
171 6 15.74 21.37 -17.06 0.125 170
172 6 15.92 21.42 -17.16 0.125 171
173 6 16.12 21.48 -17.26 0.125 172
174 6 16.38 21.15 -17.51 0.125 173
175 6 16.65 20.83 -17.75 0.125 174
176 6 16.92 20.61 -18.01 0.125 175
177 6 17.19 20.39 -18.27 0.125 176
178 6 17.45 20.16 -18.54 0.125 177
179 6 17.52 20.16 -18.66 0.125 178
180 6 17.6 20.17 -18.78 0.125 179
181 6 17.67 20.16 -18.9 0.125 180
182 6 17.66 20.16 -19.03 0.125 181
183 6 17.71 20.16 -19.18 0.125 182
184 6 17.82 20.18 -19.41 0.125 183
185 6 17.89 20.2 -19.54 0.125 184
186 6 18.04 20.23 -19.73 0.125 185
187 6 18.19 20.25 -19.91 0.125 186
188 6 18.58 20.25 -20.28 0.125 187
189 6 19.18 19.91 -20.74 0.125 188
190 6 19.42 19.85 -20.86 0.125 189
191 6 19.66 19.8 -21 0.125 190
192 6 19.89 19.74 -21.12 0.125 191
193 6 20.08 19.78 -21.19 0.125 192
194 6 20.25 19.81 -21.27 0.125 193
195 6 20.44 19.86 -21.5 0.125 194
196 6 20.63 19.9 -21.73 0.125 195
197 6 20.72 19.91 -21.86 0.125 196
198 6 20.79 19.91 -21.98 0.125 197
199 6 20.87 19.91 -22.1 0.125 198
200 6 20.94 19.92 -22.22 0.125 199
201 6 21.06 19.92 -22.4 0.125 200
202 6 21.19 19.92 -22.57 0.125 201
203 6 21.43 19.85 -22.69 0.125 202
204 6 21.68 19.77 -22.81 0.125 203
205 6 21.92 19.7 -22.93 0.125 204
206 6 22.02 19.7 -22.9 0.125 205
207 6 22.2 19.68 -22.9 0.125 206
208 6 22.38 19.6 -22.97 0.125 207
209 6 22.55 19.51 -23.04 0.125 208
210 6 22.72 19.44 -23.11 0.125 209
211 6 22.86 19.33 -23.15 0.125 210
212 6 23.01 19.23 -23.19 0.125 211
213 6 23.19 19.22 -23.27 0.125 212
214 6 23.28 19.07 -23.39 0.125 213
215 6 23.39 19.02 -23.55 0.125 214
216 6 23.51 18.97 -23.71 0.125 215
217 6 23.8 18.89 -23.99 0.125 216
218 6 24.07 18.8 -24.26 0.125 217
219 6 24.28 18.7 -24.36 0.125 218
220 6 24.48 18.61 -24.46 0.125 219
221 6 24.68 18.51 -24.55 0.125 220
222 6 24.82 18.48 -24.58 0.125 221
223 6 24.95 18.45 -24.62 0.125 222
224 6 25.08 18.42 -24.66 0.125 223
225 6 25.27 18.43 -24.69 0.125 224
226 6 25.46 18.43 -24.71 0.125 225
227 6 25.62 18.44 -24.72 0.125 226
228 6 25.82 18.45 -24.74 0.125 227
229 6 25.93 18.47 -24.77 0.125 228
230 6 26.03 18.43 -24.78 0.125 229
231 6 26.13 18.4 -24.8 0.125 230
232 6 26.28 18.37 -24.86 0.125 231
233 6 26.44 18.34 -24.91 0.125 232
234 6 26.6 18.31 -24.97 0.125 233
235 6 26.75 18.22 -25.15 0.125 234
236 6 26.91 18.14 -25.35 0.125 235
237 6 27.06 18.05 -25.53 0.125 236
238 6 27.32 17.87 -25.77 0.125 237
239 6 27.56 17.7 -26.01 0.125 238
240 6 27.62 17.64 -26.12 0.125 239
241 6 27.67 17.59 -26.24 0.125 240
242 6 27.74 17.55 -26.35 0.125 241
243 6 27.72 17.49 -26.44 0.125 242
244 6 27.69 17.42 -26.55 0.125 243
245 6 27.72 17.43 -26.7 0.125 244
246 6 27.79 17.41 -26.89 0.125 245
247 6 27.84 17.4 -27 0.125 246
248 6 27.89 17.38 -27.1 0.125 247
249 6 28.06 17.24 -27.16 0.125 248
250 6 28.24 17.09 -27.22 0.125 249
251 6 28.41 16.94 -27.28 0.125 250
252 6 28.51 16.91 -27.29 0.125 251
253 6 28.68 16.82 -27.31 0.125 252
254 6 28.78 16.77 -27.3 0.125 253
255 6 28.87 16.69 -27.3 0.125 254
256 6 28.96 16.63 -27.3 0.125 255
257 6 29.11 16.55 -27.37 0.125 256
258 6 29.27 16.47 -27.43 0.125 257
259 6 29.45 16.36 -27.48 0.125 258
260 6 29.62 16.25 -27.54 0.125 259
261 6 29.79 16.13 -27.6 0.125 260
262 6 29.95 16.04 -27.61 0.125 261
263 6 30.05 15.99 -27.61 0.125 262
264 6 30.24 15.91 -27.63 0.125 263
265 6 30.44 15.87 -27.67 0.125 264
266 6 30.57 15.82 -27.63 0.125 265
267 6 30.68 15.78 -27.6 0.125 266
268 6 30.82 15.66 -27.63 0.125 267
269 6 30.97 15.53 -27.67 0.125 268
270 6 31.16 15.46 -27.75 0.125 269
271 6 31.36 15.37 -27.84 0.125 270
272 6 31.51 15.34 -27.84 0.125 271
273 6 31.67 15.32 -27.82 0.125 272
274 6 31.83 15.39 -27.84 0.125 273
275 6 31.98 15.43 -27.83 0.125 274
276 6 32.14 15.46 -27.83 0.125 275
277 6 32.26 15.49 -27.81 0.125 276
278 6 32.38 15.5 -27.77 0.125 277
279 6 32.48 15.53 -27.74 0.125 278
280 6 32.6 15.61 -27.7 0.125 279
281 6 32.72 15.67 -27.67 0.125 280
282 6 32.82 15.71 -27.64 0.125 281
283 6 32.91 15.74 -27.58 0.125 282
284 6 33.07 15.8 -27.45 0.125 283
285 6 33.16 15.83 -27.4 0.125 284
286 6 33.31 15.88 -27.27 0.125 285
287 6 33.83 15.71 -26.91 0.125 286
288 6 33.89 15.77 -26.83 0.125 287
289 6 34 15.81 -26.79 0.125 288
290 6 34.14 15.84 -26.79 0.125 289
291 6 34.27 15.86 -26.75 0.125 290
292 6 34.39 15.89 -26.73 0.125 291
293 6 34.5 15.85 -26.68 0.125 292
294 6 34.62 15.84 -26.64 0.125 293
295 6 34.73 15.83 -26.62 0.125 294
296 6 34.88 15.84 -26.6 0.125 295
297 6 35.03 15.85 -26.6 0.125 296
298 6 35.17 15.9 -26.58 0.125 297
299 6 35.56 16.01 -26.73 0.125 298
300 6 35.72 16.06 -26.8 0.125 299
301 6 35.89 16.11 -26.86 0.125 300
302 6 36.04 16.11 -26.92 0.125 301
303 6 36.2 16.11 -26.98 0.125 302
304 6 36.58 16.16 -27.25 0.125 303
305 6 37.23 16.23 -27.77 0.125 304
306 6 37.3 16.25 -27.69 0.125 305
307 6 37.36 16.26 -27.61 0.125 306
308 6 37.41 16.33 -27.54 0.125 307
309 6 37.47 16.45 -27.46 0.125 308
310 6 37.42 16.69 -27.33 0.125 309
311 6 37.37 16.88 -27.24 0.125 310
312 6 37.34 16.99 -27.15 0.125 311
313 6 37.3 17.09 -27.06 0.125 312
314 6 37.25 17.2 -26.97 0.125 313
315 6 37.3 17.26 -26.9 0.125 314
316 6 37.36 17.33 -26.81 0.125 315
317 6 37.39 17.37 -26.72 0.125 316
318 6 37.43 17.39 -26.62 0.125 317
319 6 37.48 17.39 -26.52 0.125 318
320 6 37.58 17.39 -26.35 0.125 319
321 6 37.73 17.38 -26.21 0.125 320
322 6 37.76 17.42 -26.11 0.125 321
323 6 37.78 17.47 -26.01 0.125 322
324 6 37.79 17.55 -25.89 0.125 323
325 6 37.76 17.63 -25.76 0.125 324
326 6 37.74 17.7 -25.6 0.125 325
327 6 37.73 17.75 -25.47 0.125 326
328 6 37.73 17.77 -25.36 0.125 327
329 6 37.72 17.79 -25.21 0.125 328
330 6 37.73 17.81 -25.1 0.125 329
331 6 37.77 17.82 -24.99 0.125 330
332 6 37.95 17.86 -24.64 0.125 331
333 6 37.99 17.87 -24.53 0.125 332
334 6 38.02 17.9 -24.43 0.125 333
335 6 38.14 17.93 -24.27 0.125 334
336 6 38.29 17.92 -24.13 0.125 335
337 6 38.36 17.96 -24.07 0.125 336
338 6 38.5 18.04 -23.92 0.125 337
339 6 38.57 18.12 -23.73 0.125 338
340 6 38.65 18.16 -23.67 0.125 339
341 6 38.84 18.15 -23.57 0.125 340
342 6 38.94 18.14 -23.53 0.125 341
343 6 39.02 18.14 -23.46 0.125 342
344 6 39.11 18.18 -23.4 0.125 343
345 6 39.18 18.24 -23.35 0.125 344
346 6 39.23 18.24 -23.25 0.125 345
347 6 39.25 18.12 -23.19 0.125 346
348 6 39.25 18.23 -23.15 0.125 346
349 6 39.26 18.22 -23.01 0.125 348
350 6 39.28 18.18 -22.9 0.125 349
351 6 39.3 18.12 -22.79 0.125 350
352 6 39.34 18.06 -22.67 0.125 351
353 6 39.34 17.94 -22.54 0.125 352
354 6 39.33 17.83 -22.39 0.125 353
355 6 39.29 17.7 -22.21 0.125 354
356 6 39.28 17.56 -22.08 0.125 355
357 6 39.31 17.55 -21.96 0.125 356
358 6 39.33 17.56 -21.86 0.125 357
359 6 39.39 17.57 -21.77 0.125 358
360 6 39.41 17.57 -21.65 0.125 359
361 6 39.41 17.55 -21.54 0.125 360
362 6 39.41 17.62 -21.4 0.125 361
363 6 39.45 17.68 -21.33 0.125 362
364 6 39.55 17.74 -21.26 0.125 363
365 6 39.63 17.77 -21.21 0.125 364
366 6 39.82 17.81 -21.1 0.125 365
367 6 40.04 17.85 -21.03 0.125 366
368 6 40.18 17.87 -21.01 0.125 367
369 6 40.31 17.89 -21 0.125 368
370 6 40.46 17.91 -20.98 0.125 369
371 6 40.53 17.99 -20.93 0.125 370
372 6 40.66 18.05 -20.91 0.125 371
373 6 40.78 18.07 -20.94 0.125 372
374 6 40.89 18.08 -20.96 0.125 373
375 6 40.98 18.1 -20.99 0.125 374
376 6 41.09 18.07 -20.93 0.125 375
377 6 41.18 18.05 -20.88 0.125 376
378 6 41.29 18.12 -20.86 0.125 377
379 6 41.39 18.18 -20.8 0.125 378
380 6 41.48 18.21 -20.75 0.125 379
381 6 41.55 18.24 -20.67 0.125 380
382 6 41.87 18.26 -20.87 0.125 381
383 6 42.12 17.86 -21.03 0.125 382
384 6 42.23 17.68 -21.04 0.125 383
385 6 42.34 17.58 -21.07 0.125 384
386 6 42.5 17.5 -21.13 0.125 385
387 6 42.61 17.43 -21.13 0.125 386
388 6 42.73 17.42 -21.16 0.125 387
389 6 42.77 17.52 -21.09 0.125 388
390 6 42.84 17.54 -21.01 0.125 389
391 6 42.91 17.61 -20.95 0.125 390
392 6 43.07 17.63 -20.81 0.125 391
393 6 43.04 17.65 -20.68 0.125 392
394 6 43.09 17.78 -20.59 0.125 393
395 6 43.17 17.84 -20.53 0.125 394
396 6 42.79 17.32 -21.27 0.125 387
397 6 42.88 17.27 -21.41 0.125 396
398 6 42.99 17.14 -21.61 0.125 397
399 6 43.16 17.01 -21.73 0.125 398
400 6 43.35 16.93 -21.83 0.125 399
401 6 43.55 16.77 -21.97 0.125 400
402 6 43.72 16.66 -22.04 0.125 401
403 6 43.83 16.54 -22.03 0.125 402
404 6 41.61 18.26 -20.6 0.125 381
405 6 41.66 18.32 -20.53 0.125 404
406 6 41.71 18.44 -20.43 0.125 405
407 6 41.7 18.53 -20.32 0.125 406
408 6 41.71 18.65 -20.2 0.125 407
409 6 41.75 18.77 -20.11 0.125 408
410 6 41.79 18.9 -20.04 0.125 409
411 6 41.85 19.02 -19.96 0.125 410
412 6 41.95 19.1 -19.93 0.125 411
413 6 42.05 19.18 -19.88 0.125 412
414 6 42.14 19.25 -19.89 0.125 413
415 6 42.22 19.31 -19.9 0.125 414
416 6 42.31 19.37 -19.92 0.125 415
417 6 42.41 19.38 -19.87 0.125 416
418 6 42.51 19.4 -19.82 0.125 417
419 6 42.66 19.44 -19.68 0.125 418
420 6 42.77 19.43 -19.51 0.125 419
421 6 42.87 19.44 -19.47 0.125 420
422 6 42.97 19.47 -19.43 0.125 421
423 6 43.05 19.46 -19.36 0.125 422
424 6 43.2 19.52 -19.23 0.125 423
425 6 43.27 19.52 -19.15 0.125 424
426 6 43.35 19.44 -19.1 0.125 425
427 6 43.5 19.35 -19.07 0.125 426
428 6 43.54 19.27 -19.02 0.125 427
429 6 43.57 19.17 -18.99 0.125 428
430 6 43.61 19.08 -18.95 0.125 429
431 6 43.84 18.8 -19.03 0.125 430
432 6 43.93 18.85 -19.05 0.125 431
433 6 44.03 18.89 -19.06 0.125 432
434 6 44.11 18.93 -19.08 0.125 433
435 6 44.22 18.97 -19.11 0.125 434
436 6 44.42 19.18 -19.21 0.125 435
437 6 44.62 19.38 -19.33 0.125 436
438 6 44.83 19.43 -19.44 0.125 437
439 6 44.96 19.45 -19.29 0.125 438
440 6 44.96 19.35 -19.22 0.125 439
441 6 44.97 19.18 -19.21 0.125 440
442 6 45.02 19.01 -19.23 0.125 441
443 6 45 18.96 -19.34 0.125 442
444 6 45.01 19.24 -19.13 0.125 441
445 6 45.16 19.26 -19.17 0.125 444
446 6 45.17 19.14 -19.1 0.125 445
447 6 45.22 19.24 -19.1 0.125 446
448 6 45.12 19.52 -19.36 0.125 439
449 6 45.2 19.57 -19.31 0.125 448
450 6 45.17 19.58 -19.21 0.125 449
451 6 44.74 20.16 -19.5 0.125 437
452 6 44.88 20.92 -19.69 0.125 451
453 6 44.91 21.01 -19.78 0.125 452
454 6 44.93 21.1 -19.88 0.125 453
455 6 44.97 21.2 -19.98 0.125 454
456 6 44.95 21.29 -20.03 0.125 455
457 6 44.87 21.77 -20.08 0.125 456
458 6 44.88 22.52 -20.22 0.125 457
459 6 44.87 23.05 -20.33 0.125 458
460 6 44.87 23.2 -20.41 0.125 459
461 6 44.9 23.35 -20.5 0.125 460
462 6 44.87 23.15 -20.59 0.125 461
463 6 44.92 23.32 -20.73 0.125 462
464 6 45.09 23.41 -20.98 0.125 463
465 6 45.1 23.31 -21.05 0.125 464
466 6 44.77 23.16 -20.7 0.125 463
467 6 44.72 23.07 -20.78 0.125 466
468 6 44.68 23.11 -20.89 0.125 467
469 6 44.53 23.01 -21.02 0.125 468
470 6 45 23.91 -20.52 0.125 460
471 6 45.03 24 -20.47 0.125 470
472 6 45.08 24.18 -20.4 0.125 471
473 6 45.08 24.52 -20.43 0.125 472
474 6 45.1 24.86 -20.43 0.125 473
475 6 45.12 25.04 -20.4 0.125 474
476 6 45.11 25.05 -20.25 0.125 475
477 6 45.12 25.55 -20.51 0.125 475
478 6 45.12 25.91 -20.54 0.125 477
479 6 45.18 26.16 -20.55 0.125 478
480 6 45.11 26.42 -20.52 0.125 479
481 6 45.08 26.32 -20.55 0.125 480
482 6 45.31 21.04 -20.25 0.125 455
483 6 45.41 20.92 -20.37 0.125 482
484 6 45.56 20.76 -20.42 0.125 483
485 6 45.77 20.52 -20.42 0.125 484
486 6 45.86 20.36 -20.42 0.125 485
487 6 45.92 20.23 -20.39 0.125 486
488 6 46.04 20.12 -20.36 0.125 487
489 6 46.14 20.09 -20.37 0.125 488
490 6 46.26 20.12 -20.34 0.125 489
491 6 46.36 20.21 -20.37 0.125 490
492 6 46.41 20.27 -20.28 0.125 491
493 6 43.61 19.14 -18.81 0.125 430
494 6 43.59 19.21 -18.69 0.125 493
495 6 43.56 19.3 -18.53 0.125 494
496 6 43.53 19.37 -18.45 0.125 495
497 6 43.51 19.43 -18.37 0.125 496
498 6 43.49 19.58 -18.25 0.125 497
499 6 43.5 19.66 -18.19 0.125 498
500 6 43.52 20.06 -18.11 0.125 499
501 6 43.53 20.38 -18.1 0.125 500
502 6 43.59 20.48 -18.09 0.125 501
503 6 43.66 20.59 -18.09 0.125 502
504 6 43.72 20.7 -18.08 0.125 503
505 6 43.85 20.73 -17.93 0.125 504
506 6 43.92 20.76 -17.86 0.125 505
507 6 44.01 20.81 -17.68 0.125 506
508 6 44.11 20.85 -17.5 0.125 507
509 6 44.16 20.86 -17.42 0.125 508
510 6 44.33 20.88 -17.3 0.125 509
511 6 44.42 20.89 -17.12 0.125 510
512 6 44.45 20.96 -17.02 0.125 511
513 6 44.47 21.02 -16.93 0.125 512
514 6 44.54 21.11 -16.85 0.125 513
515 6 44.58 21.18 -16.77 0.125 514
516 6 44.65 21.31 -16.7 0.125 515
517 6 44.66 21.44 -16.65 0.125 516
518 6 44.66 21.56 -16.6 0.125 517
519 6 44.65 21.69 -16.55 0.125 518
520 6 44.71 21.83 -16.47 0.125 519
521 6 44.79 22.02 -16.43 0.125 520
522 6 44.92 22.03 -16.27 0.125 521
523 6 45.08 22.02 -16.14 0.125 522
524 6 45.2 21.98 -16.1 0.125 523
525 6 45.28 21.94 -16.05 0.125 524
526 6 45.37 21.92 -15.98 0.125 525
527 6 45.51 21.88 -15.83 0.125 526
528 6 45.58 21.87 -15.76 0.125 527
529 6 45.6 21.93 -15.67 0.125 528
530 6 45.66 21.97 -15.57 0.125 529
531 6 45.78 22.02 -15.42 0.125 530
532 6 45.84 22.05 -15.34 0.125 531
533 6 45.94 22.11 -15.17 0.125 532
534 6 46.04 22.17 -15 0.125 533
535 6 46.09 22.19 -14.91 0.125 534
536 6 46.2 22.2 -14.75 0.125 535
537 6 46.34 22.16 -14.59 0.125 536
538 6 46.4 22.04 -14.5 0.125 537
539 6 46.44 21.97 -14.41 0.125 538
540 6 46.5 21.93 -14.32 0.125 539
541 6 46.55 21.88 -14.24 0.125 540
542 6 46.59 21.8 -14.12 0.125 541
543 6 46.63 21.74 -14.02 0.125 542
544 6 46.73 21.6 -13.83 0.125 543
545 6 46.8 21.53 -13.76 0.125 544
546 6 46.89 21.5 -13.69 0.125 545
547 6 46.99 21.37 -13.63 0.125 546
548 6 47.08 21.31 -13.58 0.125 547
549 6 47.17 21.28 -13.51 0.125 548
550 6 47.14 21.23 -13.37 0.125 549
551 6 47.13 21.17 -13.21 0.125 550
552 6 47.13 21.1 -13.07 0.125 551
553 6 47.18 21.17 -13 0.125 552
554 6 47.24 21.24 -12.92 0.125 553
555 6 47.3 21.3 -12.85 0.125 554
556 6 47.37 21.4 -12.78 0.125 555
557 6 47.41 21.54 -12.7 0.125 556
558 6 47.43 21.7 -12.61 0.125 557
559 6 47.45 21.78 -12.56 0.125 558
560 6 47.46 21.96 -12.45 0.125 559
561 6 47.51 22.02 -12.38 0.125 560
562 6 47.57 22.1 -12.29 0.125 561
563 6 47.68 22.13 -12.27 0.125 562
564 6 47.79 22.17 -12.22 0.125 563
565 6 47.93 22.17 -12.21 0.125 564
566 6 48.09 22.15 -12.22 0.125 565
567 6 48.21 22.24 -12.25 0.125 566
568 6 48.32 22.31 -12.28 0.125 567
569 6 48.43 22.4 -12.31 0.125 568
570 6 48.44 22.37 -12.2 0.125 569
571 6 48.49 22.41 -12.1 0.125 570
572 6 48.59 22.45 -12.07 0.125 571
573 6 48.68 22.5 -12 0.125 572
574 6 48.77 22.51 -11.95 0.125 573
575 6 48.86 22.47 -11.91 0.125 574
576 6 48.95 22.5 -11.84 0.125 575
577 6 49.03 22.54 -11.79 0.125 576
578 6 49.11 22.6 -11.72 0.125 577
579 6 49.19 22.65 -11.66 0.125 578
580 6 49.31 22.72 -11.5 0.125 579
581 6 49.34 22.76 -11.42 0.125 580
582 6 49.32 22.86 -11.27 0.125 581
583 6 49.3 22.92 -11.13 0.125 582
584 6 49.29 22.96 -11.01 0.125 583
585 6 49.36 22.97 -10.93 0.125 584
586 6 49.42 23.03 -10.86 0.125 585
587 6 49.49 23.14 -10.79 0.125 586
588 6 49.57 23.26 -10.73 0.125 587
589 6 49.6 23.32 -10.65 0.125 588
590 6 49.67 23.38 -10.57 0.125 589
591 6 49.75 23.41 -10.52 0.125 590
592 6 49.84 23.42 -10.45 0.125 591
593 6 49.9 23.42 -10.37 0.125 592
594 6 50.1 23.41 -10.27 0.125 593
595 6 50.36 23.41 -10.37 0.125 594
596 6 50.56 23.42 -10.47 0.125 595
597 6 50.66 23.34 -10.4 0.125 596
598 6 50.75 23.24 -10.34 0.125 597
599 6 50.83 23.25 -10.26 0.125 598
600 6 50.9 23.25 -10.19 0.125 599
601 6 50.96 23.28 -10.05 0.125 600
602 6 51.01 23.24 -10.03 0.125 600
603 6 51.05 23.2 -9.94 0.125 602
604 6 51.11 23.15 -9.84 0.125 603
605 6 51.16 23.11 -9.75 0.125 604
606 6 51.2 23.06 -9.66 0.125 605
607 6 51.26 23.05 -9.57 0.125 606
608 6 51.3 22.95 -9.52 0.125 607
609 6 51.33 22.84 -9.48 0.125 608
610 6 51.44 22.81 -9.43 0.125 609
611 6 51.56 22.81 -9.4 0.125 610
612 6 51.67 22.75 -9.37 0.125 611
613 6 51.79 22.64 -9.31 0.125 612
614 6 51.87 22.56 -9.25 0.125 613
615 6 51.94 22.52 -9.16 0.125 614
616 6 52.01 22.48 -9.09 0.125 615
617 6 52.09 22.37 -9.03 0.125 616
618 6 52.18 22.25 -8.95 0.125 617
619 6 52.27 22.16 -8.89 0.125 618
620 6 52.36 22.07 -8.82 0.125 619
621 6 52.44 21.99 -8.75 0.125 620
622 6 52.51 21.95 -8.68 0.125 621
623 6 52.56 21.85 -8.57 0.125 622
624 6 52.58 21.71 -8.46 0.125 623
625 6 52.65 21.77 -8.38 0.125 624
626 6 52.71 21.82 -8.3 0.125 625
627 6 52.81 21.81 -8.27 0.125 626
628 6 52.97 21.74 -8.25 0.125 627
629 6 53.08 21.73 -8.21 0.125 628
630 6 53.18 21.72 -8.16 0.125 629
631 6 53.38 21.58 -8.25 0.125 630
632 6 53.47 21.57 -8.18 0.125 631
633 6 53.56 21.57 -8.13 0.125 632
634 6 53.65 21.56 -8.08 0.125 633
635 6 53.79 21.58 -7.94 0.125 634
636 6 53.82 21.6 -7.83 0.125 635
637 6 53.85 21.6 -7.72 0.125 636
638 6 53.87 21.62 -7.61 0.125 637
639 6 53.88 21.63 -7.5 0.125 638
640 6 53.88 21.64 -7.38 0.125 639
641 6 53.89 21.65 -7.24 0.125 640
642 6 53.89 21.69 -7.11 0.125 641
643 6 53.89 21.71 -6.99 0.125 642
644 6 53.94 21.69 -6.79 0.125 643
645 6 53.96 21.7 -6.66 0.125 644
646 6 53.92 21.67 -6.49 0.125 645
647 6 53.89 21.66 -6.34 0.125 646
648 6 53.88 21.7 -6.22 0.125 647
649 6 53.92 21.65 -6.12 0.125 648
650 6 53.96 21.62 -6.01 0.125 649
651 6 54.01 21.6 -5.92 0.125 650
652 6 54.07 21.61 -5.84 0.125 651
653 6 54.15 21.61 -5.66 0.125 652
654 6 54.19 21.62 -5.55 0.125 653
655 6 54.24 21.62 -5.46 0.125 654
656 6 54.33 21.62 -5.4 0.125 655
657 6 54.45 21.66 -5.26 0.125 656
658 6 54.45 21.81 -5.2 0.125 657
659 6 54.48 21.95 -5.12 0.125 658
660 6 54.5 22.04 -5.01 0.125 659
661 6 54.54 22.07 -4.9 0.125 660
662 6 54.73 22.15 -5.02 0.125 661
663 6 54.52 22.09 -4.76 0.125 661
664 6 54.5 22.12 -4.62 0.125 663
665 6 54.47 22.16 -4.48 0.125 664
666 6 54.44 22.22 -4.34 0.125 665
667 6 54.43 22.26 -4.19 0.125 666
668 6 54.36 22.26 -4 0.125 667
669 6 54.38 22.17 -3.88 0.125 668
670 6 54.39 22.09 -3.77 0.125 669
671 6 54.36 22.03 -3.61 0.125 670
672 6 54.38 22.02 -3.48 0.125 671
673 6 54.41 22.03 -3.38 0.125 672
674 6 54.41 22.05 -3.26 0.125 673
675 6 54.42 22.08 -3.15 0.125 674
676 6 54.46 22.1 -3.05 0.125 675
677 6 54.43 22.11 -2.95 0.125 676
678 6 54.39 22.11 -2.86 0.125 677
679 6 54.48 22.08 -2.8 0.125 678
680 6 54.54 22.13 -2.72 0.125 679
681 6 54.57 22.25 -2.65 0.125 680
682 6 54.61 22.39 -2.55 0.125 681
683 6 54.65 22.5 -2.46 0.125 682
684 6 54.67 22.61 -2.35 0.125 683
685 6 54.66 22.7 -2.3 0.125 684
686 6 54.66 22.78 -2.23 0.125 685
687 6 54.66 22.87 -2.13 0.125 686
688 6 54.73 22.95 -2.06 0.125 687
689 6 54.74 23.08 -1.94 0.125 688
690 6 54.79 23.13 -1.94 0.125 688
691 6 54.87 23.21 -1.87 0.125 690
692 6 54.99 23.24 -1.83 0.125 691
693 6 55.16 23.35 -1.72 0.125 692
694 6 55.27 23.47 -1.71 0.125 693
695 6 55.45 23.7 -1.8 0.125 694
696 6 55.64 23.9 -1.92 0.125 695
697 6 55.7 24.03 -1.9 0.125 696
698 6 55.75 24.16 -1.89 0.125 697
699 6 55.99 24.64 -2.13 0.125 698
700 6 56.11 24.67 -2.1 0.125 699
701 6 56.23 24.69 -2.07 0.125 700
702 6 56.33 24.69 -2.04 0.125 701
703 6 56.45 24.79 -2.01 0.125 702
704 6 56.57 24.88 -1.97 0.125 703
705 6 56.65 24.99 -1.92 0.125 704
706 6 56.49 24.64 -1.76 0.125 705
707 6 56.72 25.09 -1.86 0.125 705
708 6 56.78 25.14 -1.8 0.125 707
709 6 56.85 25.16 -1.72 0.125 708
710 6 56.92 25.16 -1.64 0.125 709
711 6 56.99 25.16 -1.57 0.125 710
712 6 57.11 25.17 -1.42 0.125 711
713 6 57.16 25.17 -1.33 0.125 712
714 6 57.23 25.18 -1.25 0.125 713
715 6 57.33 25.2 -1.2 0.125 714
716 6 57.4 25.18 -1.12 0.125 715
717 6 57.5 25.17 -1.09 0.125 716
718 6 57.58 25.17 -1.03 0.125 717
719 6 57.67 25.2 -0.96 0.125 718
720 6 57.73 25.2 -0.88 0.125 719
721 6 57.79 25.22 -0.8 0.125 720
722 6 57.93 25.22 -0.67 0.125 721
723 6 57.99 25.17 -0.57 0.125 722
724 6 58.02 25.09 -0.46 0.125 723
725 6 58.09 25.02 -0.38 0.125 724
726 6 58.15 24.98 -0.31 0.125 725
727 6 58.2 24.94 -0.21 0.125 726
728 6 58.31 24.92 -0.16 0.125 727
729 6 58.4 24.88 -0.1 0.125 728
730 6 58.44 24.88 -0.01 0.125 729
731 6 58.46 24.89 0.07 0.125 730
732 6 58.54 24.84 0.14 0.125 731
733 6 58.67 24.8 0.19 0.125 732
734 6 58.75 24.8 0.25 0.125 733
735 6 58.84 24.8 0.31 0.125 734
736 6 58.93 24.75 0.35 0.125 735
737 6 59 24.75 0.42 0.125 736
738 6 59.05 24.82 0.52 0.125 737
739 6 59.1 24.86 0.6 0.125 738
740 6 59.2 24.88 0.65 0.125 739
741 6 59.35 24.93 0.77 0.125 740
742 6 59.47 24.97 0.81 0.125 741
743 6 59.57 25.01 0.86 0.125 742
744 6 59.66 25.05 0.91 0.125 743
745 6 59.78 25.07 0.88 0.125 744
746 6 59.88 25.08 0.92 0.125 745
747 6 59.94 25.12 1 0.125 746
748 6 60.13 25.06 1.1 0.125 747
749 6 60.24 24.99 1.15 0.125 748
750 6 60.33 24.92 1.21 0.125 749
751 6 60.41 24.93 1.28 0.125 750
752 6 60.55 24.92 1.41 0.125 751
753 6 60.66 24.88 1.47 0.125 752
754 6 60.7 24.78 1.57 0.125 753
755 6 60.81 24.81 1.61 0.125 754
756 6 60.92 24.79 1.77 0.125 755
757 6 61.05 24.74 1.81 0.125 756
758 6 61.16 24.79 1.84 0.125 757
759 6 61.29 24.8 1.99 0.125 758
760 6 61.37 24.83 2.05 0.125 759
761 6 61.46 24.82 2.11 0.125 760
762 6 61.5 24.8 2.21 0.125 761
763 6 61.54 24.82 2.31 0.125 762
764 6 61.8 24.82 2.29 0.125 763
765 6 61.89 24.73 2.36 0.125 764
766 6 58.15 25.33 -0.72 0.125 723
767 6 58.19 25.37 -0.63 0.125 766
768 6 58.36 25.36 -0.63 0.125 767
769 6 58.5 25.34 -0.63 0.125 768
770 6 58.63 25.32 -0.59 0.125 769
771 6 58.77 25.28 -0.57 0.125 770
772 6 58.92 25.23 -0.56 0.125 771
773 6 59.06 25.19 -0.54 0.125 772
774 6 59.2 25.15 -0.53 0.125 773
775 6 59.4 25.07 -0.6 0.125 774
776 6 59.59 24.99 -0.7 0.125 775
777 6 59.78 24.87 -0.76 0.125 776
778 6 59.9 24.8 -0.79 0.125 777
779 6 60.02 24.73 -0.83 0.125 778
780 6 60.15 24.66 -0.85 0.125 779
781 6 60.21 24.63 -0.77 0.125 780
782 6 57.03 25.68 -2.1 0.125 707
783 6 56.96 25.76 -2.19 0.125 782
784 6 56.9 26.07 -2.3 0.125 783
785 6 54.52 22.34 -2.02 0.125 686
786 6 54.49 22.19 -2.05 0.125 785
787 6 54.46 22.03 -2.08 0.125 786
788 6 54.43 21.88 -2.1 0.125 787
789 6 54.29 21.46 -2.02 0.125 788
790 6 54.15 21.05 -1.92 0.125 789
791 6 54.08 20.93 -1.92 0.125 790
792 6 54.01 20.79 -1.93 0.125 791
793 6 53.91 20.63 -1.96 0.125 792
794 6 53.87 20.42 -1.96 0.125 793
795 6 52.48 22.13 -7.95 0.125 627
796 6 52.53 22.1 -7.86 0.125 795
797 6 52.52 22.23 -7.8 0.125 796
798 6 52.53 22.14 -7.75 0.125 797
799 6 52.64 22.09 -7.7 0.125 798
800 6 52.73 22.15 -7.64 0.125 799
801 6 52.79 22.13 -7.56 0.125 800
802 6 52.87 22.15 -7.5 0.125 801
803 6 52.95 22.2 -7.45 0.125 802
804 6 53.05 22.24 -7.41 0.125 803
805 6 53.18 22.22 -7.43 0.125 804
806 6 53.36 22.31 -7.34 0.125 805
807 6 53.47 22.36 -7.29 0.125 806
808 6 52.03 22.59 -9.24 0.125 615
809 6 52.28 22.73 -9.46 0.125 808
810 6 52.64 22.96 -9.77 0.125 809
811 6 52.78 23.37 -9.93 0.125 810
812 6 52.69 23.44 -10 0.125 811
813 6 52.69 23.57 -10.06 0.125 812
814 6 52.67 23.71 -10.12 0.125 813
815 6 52.63 23.85 -10.16 0.125 814
816 6 52.61 24.15 -10.32 0.125 815
817 6 52.45 24.26 -10.32 0.125 816
818 6 52.65 23.58 -10.16 0.125 814
819 6 52.7 23.61 -10.34 0.125 818
820 6 52.66 23.49 -10.35 0.125 819
821 6 52.62 23.43 -10.44 0.125 820
822 6 52.61 23.51 -10.58 0.125 821
823 6 52.59 23.44 -10.67 0.125 822
824 6 52.51 23.41 -10.75 0.125 823
825 6 52.5 23.38 -10.86 0.125 824
826 6 52.47 23.35 -10.96 0.125 825
827 6 52.39 23.35 -11.04 0.125 826
828 6 52.84 23.32 -9.83 0.125 811
829 6 52.86 23.26 -9.73 0.125 828
830 6 50.71 23.69 -10.61 0.125 603
831 6 50.75 23.81 -10.72 0.125 830
832 6 50.91 23.77 -10.96 0.125 831
833 6 50.73 24 -10.9 0.125 832
834 6 51.13 23.72 -10.81 0.125 597
835 6 51.18 23.9 -10.93 0.125 834
836 6 51.27 24.07 -11.1 0.125 835
837 6 51.39 24.14 -11.27 0.125 836
838 6 51.5 24.13 -11.47 0.125 837
839 6 51.3 24.13 -11.37 0.125 838
840 6 48.63 22.51 -12.48 0.125 569
841 6 48.86 22.42 -12.66 0.125 840
842 6 48.83 22.35 -12.76 0.125 841
843 6 48.93 22.01 -12.88 0.125 842
844 6 48.95 21.79 -12.94 0.125 843
845 6 48.91 21.5 -12.94 0.125 844
846 6 48.87 21.29 -12.95 0.125 845
847 6 48.8 21.14 -12.94 0.125 846
848 6 48.89 21.14 -13.16 0.125 847
849 6 49.02 21.84 -12.86 0.125 843
850 6 49.07 21.69 -12.83 0.125 849
851 6 44.46 22.04 -16.28 0.125 520
852 6 44.23 21.9 -16.17 0.125 851
853 6 44.16 22.16 -16.2 0.125 852
854 6 44.08 22.25 -16.19 0.125 853
855 6 44 22.33 -16.2 0.125 854
856 6 43.93 22.38 -16.29 0.125 855
857 6 43.87 22.43 -16.37 0.125 856
858 6 43.81 22.45 -16.45 0.125 857
859 6 43.74 22.5 -16.54 0.125 858
860 6 43.65 22.52 -16.58 0.125 859
861 6 43.71 19.05 -18.77 0.125 493
862 6 43.83 18.95 -18.71 0.125 861
863 6 43.93 18.93 -18.66 0.125 862
864 6 44.02 18.93 -18.62 0.125 863
865 6 44.09 18.9 -18.53 0.125 864
866 6 44.19 18.94 -18.36 0.125 865
867 6 43.46 20.05 -19.95 0.125 421
868 6 43.6 20.31 -20.09 0.125 867
869 6 43.71 20.5 -20.24 0.125 868
870 6 43.56 20.24 -20.17 0.125 869
871 6 43.53 20.08 -20.26 0.125 870
872 6 43.56 20.05 -20.4 0.125 871
873 6 41.29 18.18 -21.1 0.125 376
874 6 41.24 18.23 -21.21 0.125 873
875 6 41.22 18.26 -21.31 0.125 874
876 6 41.27 18.49 -21.44 0.125 875
877 6 41.45 18.75 -21.6 0.125 876
878 6 41.46 18.79 -21.7 0.125 877
879 6 41.58 18.95 -21.87 0.125 878
880 6 41.61 19.08 -21.91 0.125 879
881 6 41.57 19.21 -21.89 0.125 880
882 6 37.66 17.87 -25.49 0.125 326
883 6 37.53 16.19 -27.48 0.125 308
884 6 37.62 16 -27.48 0.125 883
885 6 37.95 15.76 -27.72 0.125 884
886 6 38.09 15.77 -27.72 0.125 885
887 6 38.15 16.07 -27.72 0.125 886
888 6 38.23 16.15 -27.72 0.125 887
889 6 38.13 15.69 -27.6 0.125 886
890 6 38.15 15.66 -27.49 0.125 889
891 6 38.24 15.72 -27.43 0.125 890
892 6 38.22 15.65 -27.35 0.125 891
893 6 38.2 15.58 -27.26 0.125 892
894 6 38.26 15.64 -27.2 0.125 893
895 6 37.59 16.13 -27.41 0.125 884
896 6 37.66 16.16 -27.33 0.125 895
897 6 37.44 16.04 -27.98 0.125 305
898 6 37.51 16.26 -28.12 0.125 897
899 6 37.58 16.49 -28.26 0.125 898
900 6 37.55 16.57 -28.32 0.125 899
901 6 37.54 16.58 -28.49 0.125 900
902 6 37.56 16.65 -28.72 0.125 901
903 6 37.75 16.97 -29.02 0.125 902
904 6 37.93 17.47 -29.21 0.125 903
905 6 37.85 17.54 -29.3 0.125 904
906 6 37.86 17.73 -29.39 0.125 905
907 6 37.79 17.88 -29.46 0.125 906
908 6 37.7 18.02 -29.54 0.125 907
909 6 37.64 18.09 -29.62 0.125 908
910 6 37.58 18.15 -29.7 0.125 909
911 6 37.56 18.24 -29.77 0.125 910
912 6 37.61 18.19 -29.88 0.125 911
913 6 37.96 17.43 -29.12 0.125 904
914 6 38.02 17.63 -29.05 0.125 913
915 6 38.02 17.53 -28.97 0.125 914
916 6 38.03 17.55 -28.87 0.125 915
917 6 38.04 17.66 -28.74 0.125 916
918 6 38.02 17.74 -28.67 0.125 917
919 6 37.99 17.82 -28.58 0.125 918
920 6 37.76 18.02 -28.36 0.125 919
921 6 37.64 18.08 -28.21 0.125 920
922 6 37.67 18.16 -28.1 0.125 921
923 6 37.69 18.25 -28.01 0.125 922
924 6 37.94 18.04 -29.16 0.125 913
925 6 38.06 18.11 -29.12 0.125 924
926 6 38.22 18.37 -29.09 0.125 925
927 6 38.34 18.55 -29.2 0.125 926
928 6 38.45 18.83 -29.32 0.125 927
929 6 38.48 19.13 -29.37 0.125 928
930 6 38.45 19.28 -29.48 0.125 929
931 6 38.53 19.52 -29.57 0.125 930
932 6 38.53 19.61 -29.64 0.125 931
933 6 38.56 19.8 -29.68 0.125 932
934 6 38.63 19.98 -29.69 0.125 933
935 6 37.71 16.9 -29.13 0.125 903
936 6 37.91 16.69 -29.45 0.125 935
937 6 37.86 16.73 -29.55 0.125 936
938 6 37.85 16.63 -29.6 0.125 937
939 6 37.85 16.54 -29.64 0.125 938
940 6 37.83 16.44 -29.69 0.125 939
941 6 37.96 16.31 -29.84 0.125 940
942 6 37.97 16.2 -29.91 0.125 941
943 6 37.98 16.1 -29.98 0.125 942
944 6 38 15.99 -30.04 0.125 943
945 6 38.05 15.97 -30.14 0.125 944
946 6 37.94 16.05 -30.2 0.125 945
947 6 37.98 15.67 -29.94 0.125 943
948 6 37.91 15.56 -29.73 0.125 947
949 6 37.79 15.54 -29.57 0.125 948
950 6 37.48 16.91 -29.05 0.125 935
951 6 37.26 16.92 -28.95 0.125 950
952 6 37.16 16.95 -29.01 0.125 951
953 6 37.05 16.99 -29.04 0.125 952
954 6 36.89 17 -29.04 0.125 953
955 6 37.43 16.52 -29.04 0.125 951
956 6 37.33 16.49 -29.1 0.125 955
957 6 37.24 16.38 -29.08 0.125 956
958 6 37.16 16.3 -29.13 0.125 957
959 6 37.17 16.14 -29.19 0.125 958
960 6 37.19 15.97 -29.26 0.125 959
961 6 37.12 15.89 -29.32 0.125 960
962 6 16.18 21.6 -17.24 0.125 173
963 6 16.22 21.74 -17.23 0.125 962
964 6 16.26 21.86 -17.21 0.125 963
965 6 16.26 22 -17.28 0.125 964
966 6 16.26 22.14 -17.36 0.125 965
967 6 16.24 22.28 -17.43 0.125 966
968 6 16.25 22.65 -17.54 0.125 967
969 6 16.24 22.77 -17.6 0.125 968
970 6 16.23 22.87 -17.66 0.125 969
971 6 16.22 22.99 -17.72 0.125 970
972 6 16.2 23.09 -17.8 0.125 971
973 6 16.19 23.22 -17.86 0.125 972
974 6 16.19 23.36 -17.93 0.125 973
975 6 16.18 23.49 -18 0.125 974
976 6 16.17 23.62 -18.07 0.125 975
977 6 16.15 23.76 -18.14 0.125 976
978 6 16.13 23.86 -18.2 0.125 977
979 6 16.08 23.98 -18.28 0.125 978
980 6 16.02 24.11 -18.39 0.125 979
981 6 15.99 24.2 -18.44 0.125 980
982 6 15.81 24.44 -18.37 0.125 981
983 6 15.81 24.79 -18.4 0.125 982
984 6 15.95 24.28 -18.53 0.125 982
985 6 15.9 24.3 -18.63 0.125 984
986 6 15.76 24.33 -18.77 0.125 985
987 6 15.68 24.38 -18.85 0.125 986
988 6 15.61 24.43 -18.92 0.125 987
989 6 15.53 24.42 -18.99 0.125 988
990 6 15.4 24.45 -19.13 0.125 989
991 6 15.33 24.5 -19.22 0.125 990
992 6 15.28 24.61 -19.31 0.125 991
993 6 15.27 24.7 -19.37 0.125 992
994 6 15.25 24.79 -19.44 0.125 993
995 6 15.24 24.87 -19.51 0.125 994
996 6 15.21 25.26 -19.57 0.125 995
997 6 15.18 25.38 -19.62 0.125 996
998 6 15.06 25.62 -19.61 0.125 997
999 6 14.91 25.85 -19.59 0.125 998
1000 6 14.85 26 -19.62 0.125 999
1001 6 14.78 26.19 -19.64 0.125 1000
1002 6 14.86 26.45 -19.79 0.125 1001
1003 6 14.74 26.44 -19.83 0.125 1002
1004 6 14.73 26.58 -19.9 0.125 1003
1005 6 14.74 26.73 -19.97 0.125 1004
1006 6 14.73 26.87 -20.04 0.125 1005
1007 6 14.82 27.04 -20.19 0.125 1006
1008 6 14.83 27.18 -20.3 0.125 1007
1009 6 14.87 27.24 -20.39 0.125 1008
1010 6 14.9 27.44 -20.55 0.125 1009
1011 6 14.85 27.6 -20.59 0.125 1010
1012 6 14.79 27.81 -20.71 0.125 1011
1013 6 14.68 27.96 -20.75 0.125 1012
1014 6 14.59 28.08 -20.83 0.125 1013
1015 6 14.53 28.18 -20.85 0.125 1014
1016 6 14.43 28.26 -20.83 0.125 1015
1017 6 14.38 28.34 -20.86 0.125 1016
1018 6 14.28 28.46 -20.86 0.125 1017
1019 6 14.22 28.59 -20.9 0.125 1018
1020 6 14.13 28.67 -20.9 0.125 1019
1021 6 14.04 28.75 -20.88 0.125 1020
1022 6 13.97 28.83 -20.9 0.125 1021
1023 6 13.9 28.91 -20.91 0.125 1022
1024 6 13.82 28.99 -20.93 0.125 1023
1025 6 13.75 29.08 -20.95 0.125 1024
1026 6 13.65 29.13 -20.93 0.125 1025
1027 6 13.56 29.18 -20.92 0.125 1026
1028 6 13.49 29.28 -20.93 0.125 1027
1029 6 13.4 29.38 -20.95 0.125 1028
1030 6 13.29 29.37 -20.97 0.125 1029
1031 6 13.15 29.36 -21 0.125 1030
1032 6 13.05 29.39 -20.99 0.125 1031
1033 6 12.95 29.44 -20.98 0.125 1032
1034 6 12.85 29.48 -20.96 0.125 1033
1035 6 12.77 29.5 -21.02 0.125 1034
1036 6 12.66 29.47 -21.07 0.125 1035
1037 6 12.62 29.51 -21.16 0.125 1036
1038 6 12.71 29.58 -21.3 0.125 1037
1039 6 12.47 29.46 -21.18 0.125 1037
1040 6 12.32 29.46 -21.3 0.125 1039
1041 6 12.29 29.46 -21.42 0.125 1040
1042 6 12.28 29.45 -21.52 0.125 1041
1043 6 12.17 29.44 -21.58 0.125 1042
1044 6 11.99 29.39 -21.67 0.125 1043
1045 6 11.87 29.34 -21.71 0.125 1044
1046 6 11.7 29.3 -21.82 0.125 1045
1047 6 11.6 29.25 -21.81 0.125 1046
1048 6 11.48 29.2 -21.82 0.125 1047
1049 6 11.37 29.2 -21.87 0.125 1048
1050 6 11.26 29.25 -22.03 0.125 1049
1051 6 11.17 29.23 -22.1 0.125 1050
1052 6 11 29.14 -22.21 0.125 1051
1053 6 10.91 29.15 -22.39 0.125 1052
1054 6 10.84 29.14 -22.47 0.125 1053
1055 6 10.74 29.14 -22.5 0.125 1054
1056 6 10.63 29.12 -22.48 0.125 1055
1057 6 10.51 29.12 -22.46 0.125 1056
1058 6 10.39 29.14 -22.48 0.125 1057
1059 6 10.3 29.28 -22.55 0.125 1058
1060 6 10.18 29.31 -22.6 0.125 1059
1061 6 10.09 29.22 -22.63 0.125 1060
1062 6 9.96 29.07 -22.58 0.125 1061
1063 6 9.82 29.02 -22.6 0.125 1062
1064 6 9.67 28.98 -22.59 0.125 1063
1065 6 9.54 29.01 -22.63 0.125 1064
1066 6 9.41 28.98 -22.59 0.125 1065
1067 6 9.31 28.93 -22.51 0.125 1066
1068 6 9.22 28.9 -22.43 0.125 1067
1069 6 9.14 28.98 -22.37 0.125 1068
1070 6 8.99 29.03 -22.3 0.125 1069
1071 6 8.89 29.06 -22.36 0.125 1070
1072 6 8.69 29.23 -22.29 0.125 1071
1073 6 8.71 29.44 -22.32 0.125 1072
1074 6 8.62 29.51 -22.37 0.125 1073
1075 6 8.47 29.52 -22.38 0.125 1074
1076 6 8.32 29.62 -22.41 0.125 1075
1077 6 12.14 29.47 -21.99 0.125 1045
1078 6 12.1 29.5 -22.09 0.125 1077
1079 6 12.03 29.48 -22.17 0.125 1078
1080 6 11.92 29.5 -22.35 0.125 1079
1081 6 11.9 29.55 -22.45 0.125 1080
1082 6 11.89 29.6 -22.57 0.125 1081
1083 6 11.84 29.62 -22.68 0.125 1082
1084 6 11.63 29.52 -22.75 0.125 1083
1085 6 11.64 29.6 -22.83 0.125 1084
1086 6 11.65 29.75 -22.98 0.125 1085
1087 6 11.61 29.79 -23.09 0.125 1086
1088 6 11.92 29.12 -21.59 0.125 1044
1089 6 12.01 29 -21.52 0.125 1088
1090 6 12.12 28.84 -21.48 0.125 1089
1091 6 12.2 28.77 -21.4 0.125 1090
1092 6 12.3 28.63 -21.35 0.125 1091
1093 6 12.33 28.63 -21.23 0.125 1092
1094 6 12.42 28.53 -21.17 0.125 1093
1095 6 12.22 28.59 -21.21 0.125 1092
1096 6 12.13 28.46 -21.13 0.125 1095
1097 6 15.11 24.22 -18.95 0.125 990
1098 6 15.03 24.05 -18.94 0.125 1097
1099 6 14.96 23.88 -18.92 0.125 1098
1100 6 14.9 23.7 -18.92 0.125 1099
1101 6 14.84 23.52 -18.92 0.125 1100
1102 6 14.78 23.33 -18.93 0.125 1101
1103 6 14.77 22.84 -18.94 0.125 1102
1104 6 14.97 22.38 -19.06 0.125 1103
1105 6 14.89 22.23 -19.24 0.125 1104
1106 6 14.88 22.12 -19.28 0.125 1105
1107 6 14.81 21.96 -19.26 0.125 1106
1108 6 14.91 21.9 -19.41 0.125 1107
1109 6 14.97 21.49 -19.42 0.125 1108
1110 6 14.91 21.37 -19.49 0.125 1109
1111 6 14.98 21.21 -19.46 0.125 1110
1112 6 15.06 21.1 -19.38 0.125 1111
1113 6 15.14 20.98 -19.32 0.125 1112
1114 6 15.28 20.88 -19.29 0.125 1113
1115 6 15.44 20.69 -19.28 0.125 1114
1116 6 15.59 20.4 -19.32 0.125 1115
1117 6 15.68 20.07 -19.28 0.125 1116
1118 6 15.72 19.98 -19.24 0.125 1117
1119 6 15.71 20.07 -19.17 0.125 1118
1120 6 15.74 19.96 -19.14 0.125 1119
1121 6 15.9 20.28 -19.23 0.125 1120
1122 6 15.8 19.88 -19.04 0.125 1121
1123 6 14.69 23.18 -18.85 0.125 1102
1124 6 14.75 23.18 -18.75 0.125 1123
1125 6 14.84 22.98 -18.63 0.125 1124
1126 6 14.88 22.85 -18.57 0.125 1125
1127 6 14.97 22.7 -18.49 0.125 1126
1128 6 15 22.46 -18.49 0.125 1127
1129 6 14.96 22.33 -18.45 0.125 1128
1130 6 16.12 23.8 -17.92 0.125 975
1131 6 16.06 24.1 -17.85 0.125 1130
1132 6 16.16 24.18 -17.79 0.125 1131
1133 6 16.12 24.2 -17.7 0.125 1132
1134 6 16.04 24.29 -17.58 0.125 1133
1135 6 15.97 24.38 -17.47 0.125 1134
1136 6 15.89 24.47 -17.35 0.125 1135
1137 6 15.73 24.77 -17.32 0.125 1136
1138 6 15.67 24.87 -17.33 0.125 1137
1139 6 15.57 25 -17.39 0.125 1138
1140 6 15.48 25.12 -17.47 0.125 1139
1141 6 15.41 25.23 -17.54 0.125 1140
1142 6 15.34 25.33 -17.64 0.125 1141
1143 6 15.33 25.5 -17.71 0.125 1142
1144 6 15.34 25.69 -17.78 0.125 1143
1145 6 15.33 25.87 -17.86 0.125 1144
1146 6 15.38 26.23 -17.86 0.125 1145
1147 6 15.43 26.59 -17.88 0.125 1146
1148 6 15.5 26.77 -17.9 0.125 1147
1149 6 15.57 26.94 -17.83 0.125 1148
1150 6 15.6 27.08 -17.75 0.125 1149
1151 6 15.66 27.22 -17.66 0.125 1150
1152 6 15.69 27.41 -17.64 0.125 1151
1153 6 15.68 27.51 -17.58 0.125 1152
1154 6 15.67 27.6 -17.53 0.125 1153
1155 6 15.66 27.7 -17.47 0.125 1154
1156 6 15.64 27.76 -17.38 0.125 1155
1157 6 15.62 27.84 -17.3 0.125 1156
1158 6 15.57 27.97 -17.16 0.125 1157
1159 6 15.35 28.24 -16.95 0.125 1158
1160 6 15.33 28.04 -16.91 0.125 1159
1161 6 15.35 27.93 -16.78 0.125 1160
1162 6 15.24 28.4 -16.79 0.125 1159
1163 6 15.15 28.5 -16.67 0.125 1162
1164 6 15.06 28.61 -16.54 0.125 1163
1165 6 14.97 28.73 -16.47 0.125 1164
1166 6 14.88 28.79 -16.47 0.125 1165
1167 6 14.79 28.91 -16.48 0.125 1166
1168 6 14.68 28.98 -16.47 0.125 1167
1169 6 14.61 29.09 -16.49 0.125 1168
1170 6 14.66 28.88 -16.51 0.125 1169
1171 6 14.61 28.78 -16.58 0.125 1170
1172 6 14.52 29.15 -16.53 0.125 1169
1173 6 14.41 29.25 -16.6 0.125 1172
1174 6 14.37 29.34 -16.69 0.125 1173
1175 6 14.22 29.49 -16.71 0.125 1174
1176 6 14.08 29.5 -16.74 0.125 1175
1177 6 13.93 29.49 -16.74 0.125 1176
1178 6 13.84 29.5 -16.81 0.125 1177
1179 6 13.74 29.49 -16.84 0.125 1178
1180 6 13.63 29.43 -16.88 0.125 1179
1181 6 13.55 29.36 -16.95 0.125 1180
1182 6 13.48 29.23 -17 0.125 1181
1183 6 13.47 29.13 -17.04 0.125 1182
1184 6 13.38 29.03 -17.1 0.125 1183
1185 6 13.3 28.89 -17.07 0.125 1184
1186 6 13.23 28.81 -17.14 0.125 1185
1187 6 13.11 28.63 -17.17 0.125 1186
1188 6 12.99 28.47 -17.1 0.125 1187
1189 6 13.01 28.5 -17.26 0.125 1188
1190 6 12.93 28.45 -17.33 0.125 1189
1191 6 12.83 28.47 -17.37 0.125 1190
1192 6 12.75 28.46 -17.44 0.125 1191
1193 6 12.67 28.42 -17.49 0.125 1192
1194 6 12.58 28.4 -17.55 0.125 1193
1195 6 12.63 28.3 -17.65 0.125 1194
1196 6 12.53 28.3 -17.82 0.125 1195
1197 6 12.46 28.3 -17.9 0.125 1196
1198 6 12.34 28.26 -18.06 0.125 1197
1199 6 12.35 28.26 -18.18 0.125 1198
1200 6 12.36 28.31 -18.32 0.125 1199
1201 6 12.35 28.39 -18.4 0.125 1200
1202 6 12.35 28.45 -18.52 0.125 1201
1203 6 12.34 28.51 -18.65 0.125 1202
1204 6 12.25 28.69 -18.73 0.125 1203
1205 6 12.86 28.34 -16.99 0.125 1188
1206 6 12.81 28.25 -16.89 0.125 1205
1207 6 12.83 28.15 -16.84 0.125 1206
1208 6 14.4 29.23 -16.71 0.125 1173
1209 6 15.5 27.82 -17.41 0.125 1157
1210 6 15.31 27.77 -17.51 0.125 1209
1211 6 15.21 27.83 -17.56 0.125 1210
1212 6 15.17 27.82 -17.65 0.125 1211
1213 6 15.11 27.9 -17.75 0.125 1212
1214 6 15.1 27.98 -17.8 0.125 1213
1215 6 15.1 28.04 -17.93 0.125 1214
1216 6 15.06 28.04 -18.04 0.125 1215
1217 6 14.99 28.15 -18.11 0.125 1216
1218 6 14.9 28.25 -18.19 0.125 1217
1219 6 14.83 28.41 -18.22 0.125 1218
1220 6 14.77 28.52 -18.23 0.125 1219
1221 6 14.72 28.6 -18.26 0.125 1220
1222 6 14.66 28.89 -18.31 0.125 1221
1223 6 14.63 29.11 -18.37 0.125 1222
1224 6 14.55 29.26 -18.44 0.125 1223
1225 6 14.41 29.4 -18.47 0.125 1224
1226 6 14.27 29.6 -18.37 0.125 1225
1227 6 14.11 29.76 -18.34 0.125 1226
1228 6 13.89 29.97 -18.18 0.125 1227
1229 6 13.75 30.22 -18.09 0.125 1228
1230 6 13.71 30.29 -17.99 0.125 1229
1231 6 13.85 30.07 -18.22 0.125 1228
1232 6 13.78 30.11 -18.28 0.125 1231
1233 6 14.36 29.11 -18.4 0.125 1224
1234 6 15.53 27.11 -17.63 0.125 1150
1235 6 15.58 26.71 -17.75 0.125 1149
1236 6 15.73 26.59 -17.6 0.125 1235
1237 6 15.82 26.52 -17.55 0.125 1236
1238 6 15.9 26.48 -17.47 0.125 1237
1239 6 16.02 26.46 -17.44 0.125 1238
1240 6 16.16 21.73 -17.06 0.125 964
1241 6 16.09 21.49 -16.98 0.125 1240
1242 6 16.09 21.33 -16.9 0.125 1241
1243 6 9.19 20.67 -13.31 0.125 137
1244 6 8.96 21.12 -13.12 0.125 1243
1245 6 8.75 21.57 -12.93 0.125 1244
1246 6 8.59 21.92 -12.83 0.125 1245
1247 6 8.34 22.34 -12.67 0.125 1246
1248 6 8.22 22.38 -12.69 0.125 1247
1249 6 8.13 22.46 -12.69 0.125 1248
1250 6 8.04 22.5 -12.76 0.125 1249
1251 6 7.92 22.56 -12.78 0.125 1250
1252 6 7.82 22.63 -12.84 0.125 1251
1253 6 7.75 22.75 -12.87 0.125 1252
1254 6 7.64 22.72 -12.85 0.125 1253
1255 6 7.54 22.75 -12.89 0.125 1254
1256 6 7.43 22.78 -12.94 0.125 1255
1257 6 7.31 22.87 -12.97 0.125 1256
1258 6 7.17 22.97 -12.99 0.125 1257
1259 6 7.11 23.11 -12.96 0.125 1258
1260 6 7.13 23.28 -12.86 0.125 1259
1261 6 7.09 23.39 -12.78 0.125 1260
1262 6 7.05 23.48 -12.69 0.125 1261
1263 6 7.01 23.57 -12.6 0.125 1262
1264 6 6.93 23.7 -12.48 0.125 1263
1265 6 6.85 23.83 -12.36 0.125 1264
1266 6 6.51 24 -12.1 0.125 1265
1267 6 6.31 24.21 -11.91 0.125 1266
1268 6 6.28 24.37 -11.84 0.125 1267
1269 6 6.39 24.38 -11.79 0.125 1268
1270 6 6.36 24.47 -11.7 0.125 1269
1271 6 6.32 24.57 -11.63 0.125 1270
1272 6 6.31 24.69 -11.57 0.125 1271
1273 6 6.3 24.82 -11.49 0.125 1272
1274 6 6.28 24.97 -11.43 0.125 1273
1275 6 6.19 25.34 -11.33 0.125 1274
1276 6 6.07 25.47 -11.3 0.125 1275
1277 6 5.94 25.46 -11.34 0.125 1276
1278 6 5.82 25.44 -11.36 0.125 1277
1279 6 5.69 25.43 -11.38 0.125 1278
1280 6 5.56 25.37 -11.41 0.125 1279
1281 6 5.44 25.25 -11.35 0.125 1280
1282 6 5.33 25.1 -11.31 0.125 1281
1283 6 5.22 24.95 -11.28 0.125 1282
1284 6 5.11 24.78 -11.25 0.125 1283
1285 6 4.95 24.63 -11.11 0.125 1284
1286 6 4.74 24.46 -10.85 0.125 1285
1287 6 4.52 24.44 -10.6 0.125 1286
1288 6 4.37 24.46 -10.42 0.125 1287
1289 6 4.41 24.52 -10.34 0.125 1288
1290 6 4.39 24.45 -10.24 0.125 1289
1291 6 4.45 24.53 -10.16 0.125 1290
1292 6 4.57 24.59 -10.01 0.125 1291
1293 6 4.62 24.7 -9.94 0.125 1292
1294 6 4.66 24.69 -9.84 0.125 1293
1295 6 4.81 24.76 -9.84 0.125 1294
1296 6 4.93 24.8 -9.82 0.125 1295
1297 6 5 24.95 -9.81 0.125 1296
1298 6 4.94 25.23 -9.79 0.125 1297
1299 6 4.84 25.35 -9.72 0.125 1298
1300 6 5.07 24.87 -9.8 0.125 1297
1301 6 5.15 24.8 -9.79 0.125 1300
1302 6 5.21 24.72 -9.78 0.125 1301
1303 6 5.37 24.79 -9.77 0.125 1302
1304 6 5.48 24.8 -9.74 0.125 1303
1305 6 5.59 24.81 -9.7 0.125 1304
1306 6 5.69 24.82 -9.71 0.125 1305
1307 6 5.87 24.84 -9.73 0.125 1306
1308 6 6.05 24.9 -9.76 0.125 1307
1309 6 6.15 24.93 -9.77 0.125 1308
1310 6 6.26 24.9 -9.73 0.125 1309
1311 6 6.39 24.9 -9.71 0.125 1310
1312 6 6.54 24.93 -9.7 0.125 1311
1313 6 6.72 24.95 -9.59 0.125 1312
1314 6 6.8 25.04 -9.6 0.125 1313
1315 6 6.84 25.11 -9.52 0.125 1314
1316 6 6.92 25.17 -9.45 0.125 1315
1317 6 7.02 25.17 -9.4 0.125 1316
1318 6 7.14 25.15 -9.38 0.125 1317
1319 6 7.21 25.15 -9.29 0.125 1318
1320 6 7.32 25.1 -9.26 0.125 1319
1321 6 7.41 25.14 -9.2 0.125 1320
1322 6 7.48 25.18 -9.13 0.125 1321
1323 6 7.53 25.28 -9.13 0.125 1322
1324 6 7.6 25.33 -9.05 0.125 1323
1325 6 6.12 25.63 -11.29 0.125 1276
1326 6 6.21 25.82 -11.33 0.125 1325
1327 6 6.28 25.85 -11.25 0.125 1326
1328 6 6.31 26.01 -11.23 0.125 1327
1329 6 6.4 26.15 -11.24 0.125 1328
1330 6 6.51 26.29 -11.23 0.125 1329
1331 6 6.6 26.41 -11.18 0.125 1330
1332 6 6.63 26.5 -11.14 0.125 1331
1333 6 6.68 26.68 -11.08 0.125 1332
1334 6 6.74 26.82 -11.01 0.125 1333
1335 6 6.79 26.91 -10.94 0.125 1334
1336 6 6.86 27 -10.86 0.125 1335
1337 6 6.92 27.09 -10.79 0.125 1336
1338 6 6.9 27.19 -10.66 0.125 1337
1339 6 7 27.19 -10.6 0.125 1338
1340 6 6.97 27.25 -10.52 0.125 1339
1341 6 7.08 27.31 -10.36 0.125 1340
1342 6 7.21 27.43 -10.22 0.125 1341
1343 6 7.28 27.49 -10.14 0.125 1342
1344 6 7.45 27.57 -10.04 0.125 1343
1345 6 7.56 27.6 -10.06 0.125 1344
1346 6 7.66 27.64 -10.09 0.125 1345
1347 6 7.84 27.75 -10.11 0.125 1346
1348 6 8.01 27.85 -10.13 0.125 1347
1349 6 8.03 27.88 -10.03 0.125 1348
1350 6 8.11 27.96 -9.96 0.125 1349
1351 6 8.18 28.05 -9.91 0.125 1350
1352 6 8.28 28.12 -9.85 0.125 1351
1353 6 8.34 28.2 -9.78 0.125 1352
1354 6 8.37 28.31 -9.7 0.125 1353
1355 6 8.45 28.39 -9.63 0.125 1354
1356 6 8.52 28.45 -9.58 0.125 1355
1357 6 8.6 28.5 -9.5 0.125 1356
1358 6 8.67 28.51 -9.43 0.125 1357
1359 6 8.8 28.56 -9.29 0.125 1358
1360 6 8.88 28.59 -9.1 0.125 1359
1361 6 8.9 28.58 -8.98 0.125 1360
1362 6 8.92 28.56 -8.88 0.125 1361
1363 6 8.94 28.55 -8.75 0.125 1362
1364 6 9.09 28.47 -8.69 0.125 1363
1365 6 9.34 28.62 -8.32 0.125 1364
1366 6 9.56 28.64 -8.23 0.125 1365
1367 6 9.76 28.64 -8.27 0.125 1366
1368 6 9.94 28.48 -8.26 0.125 1367
1369 6 10.07 28.42 -8.19 0.125 1368
1370 6 10.2 28.38 -8.08 0.125 1369
1371 6 10.28 28.37 -7.95 0.125 1370
1372 6 10.35 28.36 -7.87 0.125 1371
1373 6 10.34 28.26 -7.81 0.125 1372
1374 6 10.4 28.23 -7.65 0.125 1373
1375 6 10.44 28.2 -7.5 0.125 1374
1376 6 10.49 28.24 -7.34 0.125 1375
1377 6 10.6 28.24 -7.23 0.125 1376
1378 6 10.72 28.22 -7.15 0.125 1377
1379 6 10.81 28.24 -7.01 0.125 1378
1380 6 10.91 28.28 -6.98 0.125 1379
1381 6 11.12 28.41 -6.96 0.125 1380
1382 6 11.28 28.34 -6.9 0.125 1381
1383 6 11.52 28.5 -6.85 0.125 1382
1384 6 11.78 28.57 -6.79 0.125 1383
1385 6 11.99 28.75 -6.79 0.125 1384
1386 6 12.05 28.58 -6.75 0.125 1385
1387 6 12.01 28.6 -6.66 0.125 1386
1388 6 12.23 28.57 -6.58 0.125 1387
1389 6 12.3 28.6 -6.45 0.125 1388
1390 6 12.42 28.59 -6.34 0.125 1389
1391 6 12.54 28.67 -6.19 0.125 1390
1392 6 12.57 28.71 -6.04 0.125 1391
1393 6 12.64 28.73 -5.96 0.125 1392
1394 6 12.83 28.77 -5.86 0.125 1393
1395 6 12.3 28.39 -6.36 0.125 1389
1396 6 12.34 28.33 -6.25 0.125 1395
1397 6 9.84 28.69 -8.14 0.125 1367
1398 6 9.95 28.71 -8.04 0.125 1397
1399 6 10.01 28.71 -7.9 0.125 1398
1400 6 10.15 28.76 -7.56 0.125 1399
1401 6 10.21 28.76 -7.42 0.125 1400
1402 6 10.23 28.68 -7.16 0.125 1401
1403 6 10.27 28.89 -7.28 0.125 1401
1404 6 8.61 28.61 -9.52 0.125 1357
1405 6 8.4 29.01 -9.39 0.125 1404
1406 6 8.34 29.37 -9.37 0.125 1405
1407 6 8.2 29.47 -9.35 0.125 1406
1408 6 8.11 29.51 -9.34 0.125 1407
1409 6 7.97 29.5 -9.28 0.125 1408
1410 6 7.83 29.49 -9.23 0.125 1409
1411 6 7.69 29.37 -9.17 0.125 1410
1412 6 7.55 29.28 -9.05 0.125 1411
1413 6 7.62 29.34 -9.19 0.125 1412
1414 6 7.61 29.39 -9.3 0.125 1413
1415 6 7.11 27.56 -9.9 0.125 1343
1416 6 6.97 27.74 -9.87 0.125 1415
1417 6 6.84 27.76 -9.88 0.125 1416
1418 6 6.71 27.87 -9.79 0.125 1417
1419 6 6.57 28.09 -9.95 0.125 1418
1420 6 6.39 28.11 -9.93 0.125 1419
1421 6 6.3 28.14 -10.06 0.125 1420
1422 6 6.36 28.15 -10.18 0.125 1421
1423 6 6.25 28.21 -10.15 0.125 1422
1424 6 6.1 28.21 -10.23 0.125 1423
1425 6 5.93 28.13 -10.21 0.125 1424
1426 6 5.87 28.3 -10.32 0.125 1425
1427 6 5.85 28.49 -10.44 0.125 1426
1428 6 5.76 28.51 -10.57 0.125 1427
1429 6 5.59 28.51 -10.7 0.125 1428
1430 6 5.6 28.52 -10.82 0.125 1429
1431 6 6.81 27.8 -9.61 0.125 1418
1432 6 6.7 26.39 -11.39 0.125 1330
1433 6 7.03 22.98 -13.03 0.125 1258
1434 6 6.95 22.93 -13.07 0.125 1433
1435 6 6.89 22.94 -13.17 0.125 1434
1436 6 6.55 22.9 -13.13 0.125 1435
1437 6 6.7 22.94 -13.33 0.125 1436
1438 6 6.61 22.9 -13.37 0.125 1437
1439 6 6.51 22.86 -13.41 0.125 1438
1440 6 6.38 22.84 -13.45 0.125 1439
1441 6 6.24 22.84 -13.45 0.125 1440
1442 6 6 22.9 -13.41 0.125 1441
1443 6 5.85 22.98 -13.41 0.125 1442
1444 6 5.71 23.04 -13.43 0.125 1443
1445 6 5.6 23.1 -13.49 0.125 1444
1446 6 5.49 23.15 -13.52 0.125 1445
1447 6 5.36 23.26 -13.57 0.125 1446
1448 6 5.24 23.41 -13.6 0.125 1447
1449 6 5.18 23.49 -13.62 0.125 1448
1450 6 5.11 23.57 -13.64 0.125 1449
1451 6 5 23.63 -13.69 0.125 1450
1452 6 4.85 23.58 -13.69 0.125 1451
1453 6 4.73 23.56 -13.73 0.125 1452
1454 6 4.94 23.75 -13.78 0.125 1451
1455 6 4.85 23.75 -13.85 0.125 1454
1456 6 4.76 23.79 -13.84 0.125 1455
1457 6 4.64 23.85 -13.86 0.125 1456
1458 6 4.52 23.91 -13.91 0.125 1457
1459 6 4.35 23.65 -13.87 0.125 1458
1460 6 4.41 23.82 -14 0.125 1459
1461 6 4.36 23.83 -14.1 0.125 1460
1462 6 4.34 23.86 -14.21 0.125 1461
1463 6 4.34 23.92 -14.34 0.125 1462
1464 6 4.35 23.84 -14.48 0.125 1463
1465 6 7.65 18.9 -12.04 0.125 129
1466 6 7.61 18.79 -12.07 0.125 1465
1467 6 7.58 18.68 -12.1 0.125 1466
1468 6 7.55 18.58 -12.12 0.125 1467
1469 6 7.52 18.47 -12.15 0.125 1468
1470 6 7.48 18.43 -12.26 0.125 1469
1471 6 7.46 18.39 -12.35 0.125 1470
1472 6 7.41 18.34 -12.43 0.125 1471
1473 6 7.34 18.29 -12.52 0.125 1472
1474 6 7.3 18.23 -12.59 0.125 1473
1475 6 7.13 18.09 -12.58 0.125 1474
1476 6 7 18.07 -12.72 0.125 1475
1477 6 6.9 18.05 -12.78 0.125 1476
1478 6 6.8 18.02 -12.82 0.125 1477
1479 6 7.19 18.22 -12.65 0.125 1474
1480 6 7.13 18.25 -12.72 0.125 1479
1481 6 7.08 18.21 -12.8 0.125 1480
1482 6 7.03 18.16 -12.9 0.125 1481
1483 6 7.1 18.08 -13.13 0.125 1482
1484 6 6.9 18.07 -13.05 0.125 1483
1485 6 7.73 18.78 -12.02 0.125 1465
1486 6 7.7 18.83 -11.89 0.125 1485
1487 6 7.82 18.73 -11.91 0.125 1486
1488 6 7.98 18.75 -11.97 0.125 1487
1489 6 8.06 18.66 -11.89 0.125 1488
1490 6 8.17 18.55 -11.86 0.125 1489
1491 6 8.33 18.48 -11.84 0.125 1490
1492 6 8.43 18.47 -11.86 0.125 1491
1493 6 8.61 18.46 -11.89 0.125 1492
1494 6 8.72 18.45 -11.89 0.125 1493
1495 6 8.86 18.35 -11.87 0.125 1494
1496 6 8.85 18.29 -11.98 0.125 1495
1497 6 8.85 18.25 -12.12 0.125 1496
1498 6 8.85 18.24 -12.23 0.125 1497
1499 6 8.8 18.22 -12.34 0.125 1498
1500 6 8.77 18.18 -12.55 0.125 1499
1501 6 8.97 18.42 -11.77 0.125 1495
1502 6 9 18.43 -11.66 0.125 1501
1503 6 9.02 18.51 -11.57 0.125 1502
1504 6 9.03 18.59 -11.51 0.125 1503
1505 6 9.08 18.65 -11.43 0.125 1504
1506 6 9.14 18.74 -11.37 0.125 1505
1507 6 9.2 18.94 -11.29 0.125 1506
1508 6 9.24 19.06 -11.22 0.125 1507
1509 6 9.29 19.13 -11.13 0.125 1508
1510 6 9.31 19.25 -11.03 0.125 1509
1511 6 9.29 19.34 -10.97 0.125 1510
1512 6 9.12 18.2 -11.69 0.125 1502
1513 6 9.23 18.11 -11.63 0.125 1512
1514 6 9.35 18.13 -11.6 0.125 1513
1515 6 9.46 18.16 -11.58 0.125 1514
1516 6 9.61 18.09 -11.55 0.125 1515
1517 6 9.68 18.04 -11.49 0.125 1516
1518 6 9.81 18.07 -11.45 0.125 1517
1519 6 9.93 18.03 -11.41 0.125 1518
1520 6 10.03 18.02 -11.38 0.125 1519
1521 6 10.15 18.03 -11.34 0.125 1520
1522 6 10.32 18.07 -11.22 0.125 1521
1523 6 10.37 18.08 -11.13 0.125 1522
1524 6 10.51 18.16 -10.99 0.125 1523
1525 6 10.64 18.17 -10.84 0.125 1524
1526 6 10.91 18.25 -10.94 0.125 1525
1527 6 11.1 18.3 -10.84 0.125 1526
1528 6 11.28 18.33 -10.73 0.125 1527
1529 6 11.36 18.34 -10.67 0.125 1528
1530 6 11.51 18.35 -10.53 0.125 1529
1531 6 11.64 18.39 -10.38 0.125 1530
1532 6 11.7 18.4 -10.3 0.125 1531
1533 6 11.67 18.49 -10.17 0.125 1532
1534 6 11.72 18.61 -10.08 0.125 1533
1535 6 11.81 18.52 -10.08 0.125 1534
1536 6 11.79 18.62 -10.02 0.125 1535
1537 6 11.44 18.64 -10.25 0.125 1531
1538 6 11.57 18.78 -10.18 0.125 1537
1539 6 11.24 18.91 -10.18 0.125 1538
1540 6 11.17 18.7 -10.29 0.125 1537
1541 6 10.41 18.13 -11.29 0.125 1521
1542 6 10.55 18.2 -11.29 0.125 1541
1543 6 10.66 18.26 -11.27 0.125 1542
1544 6 10.78 18.28 -11.22 0.125 1543
1545 6 5.29 18.81 -9.67 0.125 120
1546 6 5.25 19.01 -9.72 0.125 1545
1547 6 5.1 19.07 -9.74 0.125 1546
1548 6 5.01 19.13 -9.74 0.125 1547
1549 6 4.84 19.09 -9.86 0.125 1548
1550 6 4.66 19.18 -9.97 0.125 1549
1551 6 4.5 19.4 -10 0.125 1550
1552 6 4.5 19.51 -9.69 0.125 1549
1553 6 4.49 19.52 -9.61 0.125 1552
