# SWC to SWC conversion from L-Measure. Sridevi Polavaram: spolavar@gmu.edu
# Original fileName:C:\NMO_dev\data_proc\Jacobs_Final\Source_Temp1//243-3-39-AW.CNG.swc
#
 1 1 0 0 0 9.19312 -1
 2 1 2.48 8.84 0 9.19312 1
 3 1 -2.48 -8.84 0 9.19312 1
 4 3 2.14 7.92 0 1.725 1
 5 3 0.84 12.46 0 1.245 4
 6 3 0.61 17.31 -0.37 1.245 5
 7 3 0.65 23.06 -4 0.96 6
 8 3 0.97 24.96 -4 0.96 7
 9 3 5.9 29.73 -7.26 0.765 8
 10 3 16.16 42.75 -7.34 0.765 9
 11 3 19.06 49.5 -9.52 0.765 10
 12 3 23.47 52.42 -9.76 0.765 11
 13 3 29.31 54.75 -9.76 0.765 12
 14 3 32.61 55.22 -9.84 0.67 13
 15 3 43.02 63.82 -9.84 0.575 14
 16 3 44.43 65.99 -9.84 0.575 15
 17 3 44.75 70.69 -9.84 0.575 16
 18 3 48.16 78.48 -9.84 0.575 17
 19 3 52.77 83.55 -9.84 0.575 18
 20 3 57.29 88.23 -9.84 0.575 19
 21 3 58.8 92.27 -9.84 0.575 20
 22 3 61.39 99.3 -9.84 0.575 21
 23 3 64.99 107.84 -9.84 0.575 22
 24 3 72.16 112.77 -9.84 0.575 23
 25 3 74.59 114.28 -9.84 0.575 24
 26 3 76.06 121.62 -9.84 0.575 25
 27 3 78.13 126.81 -9.68 0.48 26
 28 3 80.1 131.03 -5.15 0.48 27
 29 3 82.32 135.37 -1.96 0.48 28
 30 3 84.99 140.59 -1.04 0.48 29
 31 3 87.18 146.92 0.81 0.48 30
 32 3 90.3 159.39 0.81 0.48 31
 33 3 92.75 163.86 0.81 0.48 32
 34 3 -4.74 27.25 -11.14 0.575 8
 35 3 -9.85 28.9 -11.14 0.575 34
 36 3 -14.42 38.15 -16.56 0.575 35
 37 3 -20.12 40.56 -16.56 0.575 36
 38 3 -25.09 41.96 -16.56 0.575 37
 39 3 -33.44 47.69 -16.56 0.575 38
 40 3 -45.5 53.68 -17.5 0.575 39
 41 3 -53.14 54.84 -17.42 0.575 40
 42 3 -61.21 57.31 -17.42 0.575 41
 43 3 -72.13 60.62 -30.53 0.575 42
 44 3 -84.66 61.37 -30.6 0.575 43
 45 3 -91.11 61.8 -30.6 0.575 44
 46 3 -96.29 63.26 -35.45 0.575 45
 47 3 -106.59 66.97 -35.45 0.48 46
 48 3 -116.97 68.3 -35.52 0.48 47
 49 3 -119.68 69.27 -35.52 0.48 48
 50 3 -123.68 71.4 -35.52 0.48 49
 51 3 -125.49 71.3 -35.52 0.48 50
 52 3 -5.9 29.79 8.56 0.765 6
 53 3 -6.65 32.78 8.64 0.765 52
 54 3 -6.66 36.98 8.64 0.67 53
 55 3 -11.1 39.62 8.64 0.67 54
 56 3 -13.86 42.57 8.64 0.67 55
 57 3 -17.38 50.54 8.64 0.67 56
 58 3 -21.07 59.34 15.14 0.575 57
 59 3 -24.06 62.16 15.14 0.575 58
 60 3 -27.78 63.82 15.14 0.575 59
 61 3 -31.6 66.48 15.14 0.575 60
 62 3 -35.39 75.71 15.14 0.575 61
 63 3 -37.2 77.02 15.14 0.575 62
 64 3 -39.68 78.11 15.14 0.575 63
 65 3 -42.94 82.81 15.14 0.575 64
 66 3 -45.2 103.75 15.22 0.575 65
 67 3 -47.89 121.02 15.22 0.575 66
 68 3 -51.87 129.51 15.22 0.575 67
 69 3 -52.89 132.97 15.22 0.575 68
 70 3 -53.27 140.84 15.22 0.575 69
 71 3 -55.59 151.63 15.22 0.575 70
 72 3 -56.84 159.64 18.62 0.48 71
 73 3 -58.75 167.72 22.03 0.48 72
 74 3 -59.86 173.62 23.78 0.48 73
 75 3 -61.68 178.5 23.85 0.48 74
 76 3 -63.75 181.08 23.85 0.48 75
 77 3 -65.48 181.95 23.85 0.48 76
 78 3 -67.12 181.84 23.94 0.48 77
 79 3 -23.7 55.4 17.26 0.575 57
 80 3 -26.89 61.06 23.3 0.575 79
 81 3 -30.08 64.55 25.75 0.575 80
 82 3 -36.35 69.9 25.96 0.575 81
 83 3 -38.64 70.94 25.96 0.575 82
 84 3 -8.81 35.74 0.97 0.765 53
 85 3 -1.1 -8.97 0 1.055 1
 86 3 -5.24 -13.76 0 0.96 85
 87 3 -9.13 -21.22 -3.83 0.96 86
 88 3 -13.56 -21.36 -3.83 0.67 87
 89 3 -20.07 -22.52 -3.93 0.575 88
 90 3 -29.93 -21.51 -6.82 0.575 89
 91 3 -46.35 -19.66 -6.73 0.575 90
 92 3 -57.21 -18.6 -7.19 0.575 91
 93 3 -67.79 -19.39 -9.52 0.575 92
 94 3 -76.67 -17.67 -9.47 0.575 93
 95 3 -87.52 -19.39 -12.93 0.575 94
 96 3 -97.83 -20.64 -13.71 0.575 95
 97 3 -105.35 -19.71 -13.71 0.575 96
 98 3 -108.96 -20.5 -13.77 0.575 97
 99 3 -114.23 -22.2 -13.77 0.575 98
 100 3 -6.79 -24.87 1.12 0.67 87
 101 3 -5.46 -30.02 1.12 0.67 100
 102 3 -2.6 -37.58 3.93 0.67 101
 103 3 -4.15 -43.71 7.5 0.67 102
 104 3 -6.67 -53.35 7.5 0.67 103
 105 3 -9.12 -64.19 7.5 0.67 104
 106 3 -11.51 -70.76 12.64 0.67 105
 107 3 -14.53 -86.42 16.64 0.67 106
 108 3 -18.19 -93.76 16.64 0.67 107
 109 3 -22.27 -102.56 18.03 0.48 108
 110 3 -27.19 -108.71 18.1 0.48 109
 111 3 -32.22 -123.01 18.1 0.48 110
 112 3 -6.05 5.04 0 0.865 1
 113 3 -10.35 8.85 0 0.865 112
 114 3 -18.16 16.42 -6.44 0.765 113
 115 3 5.04 4.9 0 1.055 1
 116 3 6.8 11.16 -11.35 0.865 115
 117 3 8.86 12.77 -15 0.865 116
 118 3 11.08 14.32 -15.06 0.865 117
 119 3 14.09 19.25 -15.14 0.67 118
 120 3 7.03 -4.98 0 0.96 1
 121 3 10.37 -8.71 10.89 0.96 120
 122 3 12.78 -9.39 13.85 0.96 121
 123 3 23.84 -18.87 13.85 0.865 122
 124 3 25.01 -23.19 13.93 0.67 123
 125 3 31.54 -35.38 16.35 0.575 124
 126 3 34.86 -47.66 16.44 0.575 125
 127 3 35.54 -53.01 16.44 0.575 126
 128 3 40.08 -58.08 15.06 0.575 127
 129 3 40.96 -66.27 15 0.575 128
 130 3 45.35 -71.89 20.8 0.575 129
 131 3 51.56 -77.42 21.87 0.575 130
 132 3 65.37 -106.8 23.03 0.575 131
 133 3 27.22 -19.64 5.67 0.67 123
 134 3 42.02 -20.83 5.61 0.67 133
 135 3 48.53 -22.47 5.61 0.67 134
 136 3 29.59 -26.08 14.47 0.575 133
 137 3 35.87 -38.38 14.52 0.575 136
 138 3 36.45 -44.13 14.52 0.575 137
 139 3 37.35 -47.96 14.52 0.575 138
 140 3 39.81 -52.63 14.52 0.575 139
 141 3 17.71 -7.4 17.62 0.575 122
 142 3 24.61 -4.18 17.71 0.575 141
 143 3 27.32 -2.37 17.71 0.575 142
 144 3 32.49 -0.24 17.71 0.575 143
 145 3 -5.98 3.82 0 0.765 1
 146 3 -13.72 5.42 0 0.765 145
 147 3 -18.11 7.45 0 0.765 146
 148 3 -22.34 9.44 0 0.765 147
 149 3 -28.92 10.11 0 0.575 148
 150 3 -29.29 8.81 0 0.575 149
 151 3 -30.94 7.89 0 0.575 150
 152 3 -32.47 8.13 0 0.575 151
 153 3 -34.93 10.01 -2.5 0.575 152
 154 3 -40.13 12.08 5.67 0.575 153
 155 3 -42.94 14.07 5.67 0.575 154
 156 3 -48.31 23.34 10 0.575 155
 157 3 -50.01 29.97 14.14 0.575 156
 158 3 -51 32.84 14.76 0.575 157
 159 3 -57.58 38.49 17.42 0.575 158
 160 3 -60.09 41.57 21.04 0.575 159
 161 3 -64.15 45.5 27.26 0.575 160
 162 3 -66.1 48.54 30.53 0.575 161
 163 3 -50.61 13.74 8.31 0.575 155
 164 3 -56.92 13.33 11.81 0.575 163
 165 3 -64.09 16.16 16.12 0.575 164
 166 3 -70.64 17.61 16.28 0.575 165
 167 3 -78.73 17.91 20.37 0.575 166
 168 3 -81.98 17.03 22.55 0.575 167
 169 3 -84.23 14.69 24.06 0.575 168
 170 3 -88.16 9.22 24.14 0.575 169
 171 3 -92.14 6.38 24.45 0.575 170
 172 3 -98.05 5.25 26.51 0.575 171
 173 3 -103.05 5.86 28.62 0.575 172
 174 3 -110.41 5.95 29.62 0.575 173
 175 3 -111.74 6.14 29.62 0.575 174
 176 3 -25.69 5.33 -2.56 0.575 148
 177 3 -29.9 1.72 -0.43 0.575 176
 178 3 -36.47 0.99 6.5 0.575 177
 179 3 -41.6 -0.91 9.52 0.575 178
 180 3 -44.73 -2.81 12.72 0.575 179
 181 3 -47.47 -5.43 14.14 0.575 180
 182 3 -49.18 -8.71 16.8 0.575 181
 183 3 -52.65 -11.13 16.87 0.575 182
 184 3 -54.66 -11.15 16.87 0.575 183
 185 3 -57.92 -10.03 16.87 0.575 184
 186 2 2.01 -10.04 0 1.055 1
 187 2 3.13 -15.32 0 0.765 186
 188 2 8.85 -22.51 -1.5 0.575 187
 189 2 12.48 -27.31 2.5 0.385 188
 190 2 17.3 -32.84 4.23 0.385 189
 191 2 23.44 -40.76 5.53 0.29 190
