# SWC to SWC conversion from L-Measure. Sridevi Polavaram: spolavar@gmu.edu
# Original fileName:C:\NMO_dev\data_proc\Smith_Final\Source_Temp1//64-8-L-B-JB.CNG.swc
#
# SWC to SWC conversion from L-Measure. Sridevi Polavaram: spolavar@gmu.edu

# Original fileName:C:\NMO_dev\data_proc\Auto swc//64-8-L-B-JB.dat.asc.swc.CNG.swc

#

# Original file C:\NMO_dev\data_proc\Temp_LMeasure\64-8-L-B-JB.dat.asc.swc edited using StdSwc version 1.31 on 6/7/17.


# Irregularities and fixes documented in C:\NMO_dev\data_proc\Temp_LMeasure\64-8-L-B-JB.dat.asc.swc.std.  See StdSwc1.31.doc for more information.


#


# Neurolucida to SWC conversion from L-Measure. Sridevi Polavaram: spolavar@gmu.edu


# Original fileName:C:\NMO_dev\data_proc\Source_Temp1//64-8-L-B-JB.dat.asc


#The original file has a single soma contour that is averaged into 3 soma points


 1 1 0 0 0 4.50049 -1
 2 1 -1.27 -4.3 0 4.50049 1
 3 1 1.27 4.3 0 4.50049 1
 4 3 -0.97 -8.19 0 1.165 1
 5 3 -0.88 -9.22 0 1.165 4
 6 3 -0.56 -9.82 0 1.165 5
 7 3 -0.66 -10.18 -0.07 1.165 6
 8 3 -0.67 -10.67 -0.3 1.165 7
 9 3 -0.74 -10.91 -0.61 1.165 8
 10 3 -0.57 -11.22 -0.67 1.165 9
 11 3 -0.68 -11.57 -0.67 1.165 10
 12 3 -0.68 -11.57 -0.81 1.165 11
 13 3 -0.78 -11.91 -0.99 1.165 12
 14 3 -0.85 -12.53 -1.12 1.165 13
 15 3 1.14 -13.76 -1.04 0.675 14
 16 3 1.1 -13.88 -1.04 0.675 15
 17 3 1.04 -14.1 -1.04 0.675 16
 18 3 1.84 -14.47 -1.04 0.675 17
 19 3 2.27 -14.73 -1.12 0.675 18
 20 3 2.38 -14.76 -1.2 0.675 19
 21 3 3.2 -15 -1.2 0.675 20
 22 3 3.56 -15.11 -1.27 0.675 21
 23 3 4.5 -15.39 -1.35 0.675 22
 24 3 4.62 -15.42 -1.41 0.675 23
 25 3 4.79 -15.72 -1.5 0.675 24
 26 3 5.49 -15.93 -1.64 0.675 25
 27 3 5.72 -16 -1.74 0.675 26
 28 3 6.13 -16.38 -1.74 0.675 27
 29 3 6.25 -16.41 -1.82 0.675 28
 30 3 6.42 -16.72 -1.82 0.675 29
 31 3 6.38 -16.83 -1.87 0.675 30
 32 3 7.04 -17.16 -1.97 0.675 31
 33 3 7.39 -17.26 -2.03 0.675 32
 34 3 7.7 -17.48 -2.09 0.675 33
 35 3 8.3 -17.66 -2.19 0.675 34
 36 3 9.24 -17.93 -2.25 0.675 35
 37 3 9.71 -18.07 -2.32 0.675 36
 38 3 10.99 -18.45 -2.32 0.675 37
 39 3 11.23 -18.52 -2.42 0.675 38
 40 3 12.18 -18.81 -2.49 0.675 39
 41 3 12.4 -18.87 -2.55 0.675 40
 42 3 13.59 -19.22 -2.55 0.675 41
 43 3 14.29 -19.43 -2.65 0.675 42
 44 3 14.42 -19.47 -2.72 0.675 43
 45 3 14.89 -19.6 -2.78 0.675 44
 46 3 15.23 -19.71 -2.78 0.675 45
 47 3 16.06 -19.95 -2.88 0.675 46
 48 3 16.65 -20.13 -3.01 0.675 47
 49 3 17.36 -20.34 -3.09 0.675 48
 50 3 17.59 -20.4 -3.09 0.675 49
 51 3 18.19 -20.58 -3.17 0.675 50
 52 3 18.76 -20.75 -3.17 0.675 51
 53 3 19.13 -20.86 -3.25 0.675 52
 54 3 19.56 -21.1 -3.3 0.675 53
 55 3 20.15 -21.28 -3.3 0.675 54
 56 3 20.39 -21.35 -3.4 0.675 55
 57 3 21.56 -21.69 -3.47 0.675 56
 58 3 21.68 -21.73 -3.53 0.675 57
 59 3 22.15 -21.87 -3.53 0.675 58
 60 3 22.85 -22.07 -3.71 0.675 59
 61 3 22.97 -22.11 -3.76 0.675 60
 62 3 23.55 -22.28 -3.84 0.675 61
 63 3 24.49 -22.56 -3.84 0.675 62
 64 3 24.73 -22.63 -3.94 0.675 63
 65 3 25.21 -22.77 -3.94 0.675 64
 66 3 25.56 -22.87 -4.01 0.675 65
 67 3 27.32 -23.4 -4.09 0.675 66
 68 3 27.68 -23.5 -4.17 0.675 67
 69 3 28.18 -23.53 -4.23 0.675 68
 70 3 28.95 -23.5 -4.23 0.675 69
 71 3 29.43 -23.64 -4.3 0.675 70
 72 3 30.04 -23.71 -4.3 0.675 71
 73 3 30.44 -23.68 -4.3 0.675 72
 74 3 31.3 -23.82 -4.38 0.675 73
 75 3 32.31 -23.86 -4.46 0.675 74
 76 3 32.92 -23.93 -4.46 0.675 75
 77 3 33.77 -24.04 -4.55 0.675 76
 78 3 34.87 -24.24 -4.55 0.675 77
 79 3 35.25 -24.22 -4.61 0.675 78
 80 3 35.84 -24.01 -4.61 0.675 79
 81 3 36.95 -23.71 -4.69 0.675 80
 82 3 37.5 -23.62 -4.69 0.675 81
 83 3 38.62 -23.69 -4.76 0.675 82
 84 3 39.96 -23.45 -4.76 0.675 83
 85 3 41.05 -23.28 -4.84 0.675 84
 86 3 41.37 -22.99 -4.92 0.675 85
 87 3 41.84 -22.76 -5 0.675 86
 88 3 42.37 -22.27 -5 0.675 87
 89 3 43.08 -21.98 -5.07 0.675 88
 90 3 43.73 -21.53 -5.07 0.675 89
 91 3 44.32 -21.33 -5.13 0.675 90
 92 3 45.83 -21.38 -5.21 0.675 91
 93 3 46.44 -21.45 -5.21 0.675 92
 94 3 46.68 -21.52 -5.21 0.675 93
 95 3 -1.4 -14.02 -1.2 0.795 14
 96 3 -1.43 -14.13 -1.2 0.795 95
 97 3 -1.54 -14.48 -1.2 0.795 96
 98 3 -1.61 -14.71 -1.35 0.795 97
 99 3 -1.68 -14.95 -1.41 0.795 98
 100 3 -1.82 -15.42 -1.5 0.795 99
 101 3 -1.85 -15.54 -1.59 0.795 100
 102 3 -1.92 -15.78 -1.64 0.795 101
 103 3 -1.99 -16.01 -1.82 0.795 102
 104 3 -2.06 -16.25 -1.87 0.795 103
 105 3 -2.09 -16.35 -1.87 0.795 104
 106 3 -2.19 -16.7 -1.97 0.795 105
 107 3 -2.3 -17.05 -2.03 0.795 106
 108 3 -2.4 -17.41 -2.19 0.795 107
 109 3 -2.47 -17.65 -2.25 0.795 108
 110 3 -2.65 -18.23 -2.32 0.795 109
 111 3 -2.71 -18.45 -2.42 0.795 110
 112 3 -2.81 -18.8 -2.49 0.795 111
 113 3 -2.95 -19.27 -2.78 0.795 112
 114 3 -3.1 -19.75 -2.88 0.795 113
 115 3 -3.13 -19.85 -2.88 0.795 114
 116 3 -3.16 -19.98 -2.94 0.795 115
 117 3 -3.27 -20.33 -3.01 0.795 116
 118 3 -3.37 -20.67 -3.09 0.795 117
 119 3 -3.47 -21.02 -3.17 0.795 118
 120 3 -3.54 -21.26 -3.25 0.795 119
 121 3 -3.78 -22.08 -3.63 0.795 120
 122 3 -4.13 -23.24 -3.84 0.795 121
 123 3 -4.49 -24.02 -4.01 0.735 122
 124 3 -4.53 -24.13 -4.01 0.735 123
 125 3 -4.74 -24.84 -4.01 0.735 124
 126 3 -4.77 -24.96 -4.09 0.735 125
 127 3 -4.91 -25.43 -4.17 0.735 126
 128 3 -5.08 -26.01 -4.17 0.735 127
 129 3 -5.12 -26.13 -4.23 0.735 128
 130 3 -5.15 -26.25 -4.23 0.735 129
 131 3 -5.36 -26.95 -4.3 0.735 130
 132 3 -5.53 -27.54 -4.3 0.735 131
 133 3 -5.67 -27.99 -4.38 0.735 132
 134 3 -5.74 -28.23 -4.46 0.735 133
 135 3 -5.81 -28.47 -4.46 0.735 134
 136 3 -5.94 -28.93 -4.55 0.735 135
 137 3 -6.08 -29.4 -4.55 0.735 136
 138 3 -6.19 -29.75 -4.61 0.735 137
 139 3 -6.29 -30.1 -4.61 0.735 138
 140 3 -6.39 -30.44 -4.69 0.735 139
 141 3 -6.51 -31.3 -4.76 0.735 140
 142 3 -6.35 -31.61 -4.76 0.735 141
 143 3 -6.42 -33.1 -4.84 0.735 142
 144 3 -6.34 -33.26 -4.84 0.735 143
 145 3 -6.47 -33.71 -4.92 0.735 144
 146 3 -6.52 -34.34 -5 0.735 145
 147 3 -6.6 -34.58 -5 0.735 146
 148 3 -6.73 -35.03 -5.07 0.735 147
 149 3 -6.97 -35.86 -5.07 0.735 148
 150 3 -7.01 -35.98 -5.13 0.735 149
 151 3 -7.07 -36.6 -5.21 0.735 150
 152 3 -7.09 -37.1 -5.3 0.735 151
 153 3 -7.12 -37.21 -5.38 0.735 152
 154 3 -7.16 -37.34 -5.38 0.735 153
 155 3 -7.26 -37.68 -5.38 0.735 154
 156 3 -7.27 -38.18 -5.44 0.735 155
 157 3 -7.41 -38.65 -5.51 0.735 156
 158 3 -7.52 -39 -5.51 0.735 157
 159 3 -7.62 -39.35 -5.59 0.735 158
 160 3 -7.69 -39.59 -5.59 0.735 159
 161 3 -7.86 -40.17 -5.67 0.735 160
 162 3 -7.93 -40.4 -5.76 0.735 161
 163 3 -7.96 -40.52 -5.76 0.735 162
 164 3 -8 -40.64 -5.76 0.735 163
 165 3 -8.21 -41.34 -5.76 0.735 164
 166 3 -8.38 -41.93 -5.76 0.735 165
 167 3 -8.81 -43.07 -5.82 0.735 166
 168 3 -8.76 -43.33 -5.82 0.735 167
 169 3 -9.04 -44.26 -5.82 0.735 168
 170 3 -9.15 -44.62 -5.9 0.735 169
 171 3 -9.25 -44.97 -5.9 0.735 170
 172 3 -9.38 -45.43 -6.05 0.735 171
 173 3 -9.53 -45.91 -6.05 0.735 172
 174 3 -9.63 -46.25 -6.13 0.735 173
 175 3 -9.83 -46.94 -6.21 0.735 174
 176 3 -9.87 -47.08 -6.21 0.735 175
 177 3 -10 -47.53 -6.28 0.735 176
 178 3 -10.08 -47.77 -6.34 0.735 177
 179 3 -10.4 -48.43 -6.34 0.735 178
 180 3 -10.47 -48.67 -6.42 0.735 179
 181 3 -10.54 -48.9 -6.51 0.735 180
 182 3 -10.66 -48.87 -6.67 0.735 181
 183 3 -11.19 -49.35 -6.67 0.735 182
 184 3 -11.44 -49.77 -6.67 0.735 183
 185 3 -11.81 -50.18 -6.73 0.735 184
 186 3 -11.99 -50.37 -6.8 0.735 185
 187 3 -12.43 -51.01 -6.8 0.735 186
 188 3 -12.66 -51.32 -6.88 0.735 187
 189 3 -13.07 -51.84 -6.88 0.735 188
 190 3 -13.31 -52.26 -6.96 0.735 189
 191 3 -13.62 -52.81 -6.96 0.735 190
 192 3 -13.8 -53.02 -7.05 0.735 191
 193 3 -13.83 -53.14 -7.11 0.735 192
 194 3 -13.95 -53.11 -7.11 0.735 193
 195 3 -14.21 -53.53 -7.19 0.735 194
 196 3 -14.46 -53.97 -7.26 0.735 195
 197 3 -14.9 -54.6 -7.34 0.735 196
 198 3 -15.2 -55.15 -7.34 0.735 197
 199 3 -15.57 -55.54 -7.42 0.735 198
 200 3 -15.78 -55.85 -7.42 0.735 199
 201 3 -16.53 -56.66 -7.57 0.735 200
 202 3 -16.87 -56.94 -7.57 0.735 201
 203 3 -17.1 -57.25 -7.63 0.735 202
 204 3 -17.58 -58 -7.63 0.735 203
 205 3 -18.17 -58.7 -7.71 0.735 204
 206 3 -18.35 -58.91 -7.8 0.735 205
 207 3 -18.72 -59.3 -7.8 0.735 206
 208 3 -19.33 -60.02 -7.8 0.735 207
 209 3 -19.5 -60.23 -7.88 0.735 208
 210 3 -19.84 -60.88 -7.94 0.735 209
 211 3 -20.05 -61.19 -7.94 0.735 210
 212 3 -20.52 -61.95 -8.1 0.735 211
 213 3 -20.9 -62.34 -8.1 0.735 212
 214 3 -21.2 -62.88 -8.1 0.735 213
 215 3 -21.38 -63.08 -8.18 0.735 214
 216 3 -22.04 -64.04 -8.25 0.735 215
 217 3 -22.21 -64.12 -8.25 0.735 216
 218 3 -22.39 -64.33 -8.25 0.735 217
 219 3 -23.16 -65.62 -8.31 0.735 218
 220 3 -23.6 -65.87 -8.39 0.735 219
 221 3 -23.8 -66.05 -8.39 0.735 220
 222 3 -24.62 -66.7 -8.39 0.735 221
 223 3 -25.34 -67.38 -8.47 0.735 222
 224 3 -26.19 -68.14 -8.55 0.735 223
 225 3 -26.35 -68.22 -8.55 0.735 224
 226 3 -27.19 -68.87 -8.63 0.735 225
 227 3 -27.36 -69.07 -8.71 0.735 226
 228 3 -27.87 -69.42 -8.77 0.735 227
 229 3 -28.28 -69.94 -8.77 0.735 228
 230 3 -28.53 -70.36 -8.85 0.735 229
 231 3 -29.61 -71.45 -8.85 0.735 230
 232 3 -30.4 -72.35 -8.93 0.735 231
 233 3 -30.61 -72.67 -9 0.735 232
 234 3 -31.33 -73.35 -9 0.735 233
 235 3 -32.23 -73.35 -9.06 0.735 234
 236 3 -32.89 -74.29 -9.14 0.735 235
 237 3 -33.42 -75.28 -9.14 0.735 236
 238 3 -33.9 -76.01 -9.22 0.735 237
 239 3 -33.97 -76.25 -9.22 0.735 238
 240 3 -34.42 -76.89 -9.31 0.735 239
 241 3 -35.04 -78.59 -9.38 0.735 240
 242 3 -35.03 -80.41 -9.38 0.735 241
 243 3 -35 -80.31 -9.38 0.735 242
 244 3 -35.17 -80.88 -9.38 0.735 243
 245 3 -35.41 -81.7 -9.47 0.735 244
 246 3 -35.56 -82.18 -9.52 0.735 245
 247 3 -35.69 -82.63 -9.6 0.735 246
 248 3 -35.83 -83.11 -9.6 0.735 247
 249 3 -35.9 -83.34 -9.6 0.735 248
 250 3 -35.71 -84.02 -9.68 0.735 249
 251 3 -35.66 -84.29 -9.68 0.735 250
 252 3 -35.8 -84.76 -9.77 0.735 251
 253 3 -35.9 -85.11 -9.77 0.735 252
 254 3 -35.93 -85.61 -9.85 0.735 253
 255 3 -36.03 -85.97 -9.85 0.735 254
 256 3 -35.89 -86.37 -9.85 0.735 255
 257 3 -35.93 -86.88 -9.85 0.735 256
 258 3 -35.96 -87 -9.89 0.735 257
 259 3 -36.1 -87.46 -9.89 0.735 258
 260 3 -36.13 -87.57 -9.97 0.735 259
 261 3 -36.27 -88.05 -10.06 0.735 260
 262 3 -36.37 -88.39 -10.06 0.735 261
 263 3 -36.44 -88.63 -10.06 0.735 262
 264 3 -36.26 -89.33 -10.14 0.735 263
 265 3 -36.33 -89.56 -10.14 0.735 264
 266 3 -36.48 -90.53 -10.14 0.735 265
 267 3 -36.38 -91.06 -10.14 0.735 266
 268 3 -36.52 -91.54 -10.14 0.735 267
 269 3 -36.59 -91.77 -10.14 0.735 268
 270 3 -36.65 -92.77 -10.22 0.735 269
 271 3 -36.55 -92.92 -10.22 0.735 270
 272 3 -36.23 -93.14 -10.3 0.735 271
 273 3 -36.11 -93.18 -10.3 0.735 272
 274 3 -35.87 -93.61 -10.3 0.735 273
 275 3 -35.92 -94.25 -10.3 0.735 274
 276 3 -36.06 -94.71 -10.3 0.735 275
 277 3 -35.95 -95.64 -10.3 0.735 276
 278 3 -35.93 -96.02 -10.38 0.735 277
 279 3 -36.07 -96.49 -10.43 0.735 278
 280 3 -36.14 -96.73 -10.43 0.735 279
 281 3 -36.38 -97.54 -10.43 0.735 280
 282 3 -36.22 -97.84 -10.52 0.735 281
 283 3 -35.97 -98.3 -10.52 0.735 282
 284 3 -36.09 -99.15 -10.52 0.735 283
 285 3 -36.13 -99.27 -10.52 0.735 284
 286 3 -36.3 -99.84 -10.52 0.735 285
 287 3 -36.23 -100.51 -10.52 0.735 286
 288 3 -36.26 -101 -10.6 0.735 287
 289 3 -35.74 -102.29 -10.68 0.735 288
 290 3 -35.51 -102.36 -10.68 0.735 289
 291 3 -35.37 -104.06 -10.75 0.735 290
 292 3 -35.41 -104.18 -10.81 0.735 291
 293 3 -35.49 -105.29 -10.89 0.735 292
 294 3 -35.35 -105.33 -10.97 0.735 293
 295 3 -35.33 -106.09 -10.97 0.735 294
 296 3 -35.26 -106.25 -11.05 0.735 295
 297 3 -34.9 -107.63 -11.13 0.735 296
 298 3 -34.93 -107.74 -11.13 0.735 297
 299 3 -34.72 -108.81 -11.13 0.735 298
 300 3 -34.72 -109.2 -11.21 0.735 299
 301 3 -34.83 -110.05 -11.21 0.735 300
 302 3 -35.01 -110.65 -11.27 0.735 301
 303 3 -34.88 -111.94 -11.27 0.735 302
 304 3 -34.95 -112.18 -11.27 0.735 303
 305 3 -35.05 -113.8 -11.27 0.735 304
 306 3 -35.09 -113.92 -11.35 0.735 305
 307 3 -34.98 -115.74 -11.35 0.735 306
 308 3 -35.04 -115.96 -11.35 0.735 307
 309 3 -34.66 -117.21 -11.43 0.735 308
 310 3 -34.67 -117.73 -11.43 0.735 309
 311 3 -34.78 -118.96 -11.5 0.735 310
 312 3 -35.06 -122.04 -11.56 0.735 311
 313 3 -34.01 -123.26 -11.64 0.735 312
 314 3 -34.09 -124.87 -11.72 0.735 313
 315 3 -34.51 -126.77 -11.81 0.735 314
 316 3 -34.61 -127.49 -11.88 0.735 315
 317 3 -34.71 -127.85 -11.88 0.735 316
 318 3 -34.76 -128.48 -11.88 0.735 317
 319 3 -34.82 -129.09 -11.97 0.735 318
 320 3 -34.83 -129.6 -12.02 0.735 319
 321 3 -34.96 -130.45 -12.02 0.735 320
 322 3 -35.27 -131.5 -12.02 0.735 321
 323 3 -35.29 -132 -12.02 0.735 322
 324 3 -35.26 -132.77 -12.02 0.735 323
 325 3 -35.33 -133.01 -12.02 0.735 324
 326 3 -35.4 -133.25 -12.02 0.735 325
 327 3 -35.57 -133.82 -12.02 0.735 326
 328 3 -35.27 -134.92 -12.02 0.735 327
 329 3 -35.27 -135.81 -12.1 0.735 328
 330 3 -35.51 -136.63 -12.1 0.735 329
 331 3 -7.38 -1.08 0 1.165 1
 332 3 -7.73 -0.97 0 1.165 331
 333 3 -8.56 -0.73 -0.07 1.165 332
 334 3 -8.9 -0.63 -0.14 1.165 333
 335 3 -9.6 -0.42 -0.23 1.165 334
 336 3 -9.84 -0.35 -0.23 1.165 335
 337 3 -10.79 0.31 -0.37 1.165 336
 338 3 -10.9 0.35 -0.43 1.165 337
 339 3 -11.11 0.52 -0.67 1.165 338
 340 3 -11.87 1 -0.67 1.165 339
 341 3 -12.42 1.28 -0.81 1.165 340
 342 3 -13.94 1.73 -0.99 1.165 341
 343 3 -14.06 1.77 -1.04 1.165 342
 344 3 -14.41 1.87 -1.12 1.165 343
 345 3 -14.76 1.98 -1.2 1.165 344
 346 3 -15.82 2.29 -1.27 1.165 345
 347 3 -16.52 2.5 -1.35 1.165 346
 348 3 -16.65 2.53 -1.35 1.165 347
 349 3 -17.59 2.81 -1.5 1.165 348
 350 3 -17.7 2.85 -1.5 1.165 349
 351 3 -20.06 2.13 -1.41 0.55 350
 352 3 -20.18 2.16 -1.41 0.55 351
 353 3 -20.76 2.33 -1.41 0.55 352
 354 3 -21.08 2.16 -1.5 0.55 353
 355 3 -21.22 2.08 -1.59 0.55 354
 356 3 -21.4 1.88 -1.64 0.55 355
 357 3 -22.03 1.93 -1.64 0.55 356
 358 3 -22.29 1.89 -1.64 0.55 357
 359 3 -22.69 1.89 -1.74 0.55 358
 360 3 -23.12 1.75 -1.74 0.55 359
 361 3 -23.62 1.77 -1.74 0.55 360
 362 3 -24.27 1.72 -1.82 0.55 361
 363 3 -24.84 1.49 -1.82 0.55 362
 364 3 -25.15 1.34 -1.82 0.55 363
 365 3 -25.38 1.02 -1.82 0.55 364
 366 3 -26.06 0.84 -1.82 0.55 365
 367 3 -26.71 0.4 -1.82 0.55 366
 368 3 -26.98 0.36 -1.82 0.55 367
 369 3 -27 -1.4 -1.82 0.55 368
 370 3 -27.44 -2.04 -1.82 0.55 369
 371 3 -27.62 -2.22 -1.82 0.55 370
 372 3 -27.89 -2.66 -1.82 0.55 371
 373 3 -28.07 -2.86 -1.82 0.55 372
 374 3 -28.28 -3.18 -1.82 0.55 373
 375 3 -28.73 -3.82 -1.82 0.55 374
 376 3 -29.14 -4.33 -1.82 0.55 375
 377 3 -29.32 -4.91 -1.82 0.55 376
 378 3 -29.72 -5.42 -1.82 0.55 377
 379 3 -30.18 -6.56 -1.82 0.55 378
 380 3 -30.45 -7.49 -1.82 0.55 379
 381 3 -30.99 -8.85 -1.82 0.55 380
 382 3 -31.34 -10.02 -1.82 0.55 381
 383 3 -31.66 -10.68 -1.82 0.55 382
 384 3 -32.06 -11.59 -1.87 0.55 383
 385 3 -32.51 -12.72 -1.87 0.55 384
 386 3 -32.72 -13.42 -1.87 0.55 385
 387 3 -33.3 -14.52 -1.87 0.55 386
 388 3 -33.66 -15.31 -1.87 0.55 387
 389 3 -34.58 -16.69 -1.87 0.55 388
 390 3 -34.95 -17.45 -1.87 0.55 389
 391 3 -35.5 -18.45 -1.87 0.55 390
 392 3 -35.89 -19.34 -1.87 0.55 391
 393 3 -36.37 -20.97 -1.87 0.55 392
 394 3 -36.64 -21.9 -1.87 0.55 393
 395 3 -36.89 -22.73 -1.87 0.55 394
 396 3 -37.23 -23.9 -1.87 0.55 395
 397 3 -37.39 -24.86 -1.87 0.55 396
 398 3 -37.67 -25.79 -1.87 0.55 397
 399 3 -37.68 -26.69 -1.87 0.55 398
 400 3 -37.55 -26.73 -1.87 0.55 399
 401 3 -37.01 -28.79 -1.87 0.55 400
 402 3 -37.18 -30.25 -1.87 0.55 401
 403 3 -36.98 -32.98 -1.87 0.55 402
 404 3 -37.27 -36.78 -1.97 0.49 403
 405 3 -38.41 -40.64 -1.97 0.49 404
 406 3 -38.58 -41.23 -1.97 0.49 405
 407 3 -38.92 -42.38 -1.97 0.49 406
 408 3 -39.13 -43.09 -1.97 0.49 407
 409 3 -39.58 -44.61 -1.97 0.49 408
 410 3 -39.82 -45.43 -1.97 0.49 409
 411 3 -40.2 -46.71 -1.97 0.49 410
 412 3 -40.41 -47.4 -1.97 0.49 411
 413 3 -40.89 -49.03 -1.97 0.49 412
 414 3 -41.13 -49.86 -1.97 0.49 413
 415 3 -41.55 -51.27 -1.97 0.49 414
 416 3 -41.72 -51.85 -1.97 0.49 415
 417 3 -42.06 -53 -2.03 0.49 416
 418 3 -42.17 -53.37 -2.03 0.49 417
 419 3 -42.41 -54.17 -2.03 0.49 418
 420 3 -42.72 -55.24 -2.03 0.49 419
 421 3 -43.25 -56.21 -2.03 0.49 420
 422 3 -43.8 -57.2 -2.03 0.49 421
 423 3 -44.25 -57.83 -2.03 0.49 422
 424 3 -44.73 -58.58 -2.03 0.49 423
 425 3 -45.28 -59.17 -2.03 0.49 424
 426 3 -46.03 -59.96 -2.03 0.49 425
 427 3 -46.96 -60.96 -2.03 0.49 426
 428 3 -47.6 -61.79 -2.03 0.49 427
 429 3 -47.98 -62.17 -2.03 0.49 428
 430 3 -48.67 -63.24 -2.03 0.49 429
 431 3 -49.37 -63.93 -2.03 0.49 430
 432 3 -50.2 -64.96 -2.03 0.49 431
 433 3 -50.66 -65.7 -2.03 0.49 432
 434 3 -50.92 -66.14 -2.03 0.49 433
 435 3 -51.56 -66.96 -2.03 0.49 434
 436 3 -52.08 -67.45 -2.03 0.49 435
 437 3 -53.07 -68.16 -2.03 0.49 436
 438 3 -53.59 -68.66 -2.03 0.49 437
 439 3 -53.94 -68.93 -2.03 0.49 438
 440 3 -54.83 -69.81 -2.03 0.49 439
 441 3 -55.64 -70.82 -1.97 0.49 440
 442 3 -55.83 -71.03 -1.97 0.49 441
 443 3 -57.24 -71.63 -1.97 0.49 442
 444 3 -57.55 -71.79 -1.97 0.49 443
 445 3 -58.49 -72.39 -1.97 0.49 444
 446 3 -58.95 -72.65 -1.97 0.49 445
 447 3 -59.6 -73.09 -1.97 0.49 446
 448 3 -60.56 -74.2 -1.87 0.49 447
 449 3 -61.14 -74.8 -1.87 0.49 448
 450 3 -61.83 -75.87 -1.82 0.49 449
 451 3 -62.34 -76.34 -1.82 0.49 450
 452 3 -62.99 -76.78 -1.74 0.49 451
 453 3 -64.23 -77.93 -1.74 0.49 452
 454 3 -64.84 -78.27 -1.64 0.49 453
 455 3 -65.26 -78.4 -1.64 0.49 454
 456 3 -65.98 -78.69 -1.64 0.49 455
 457 3 -66.75 -79.11 -1.59 0.49 456
 458 3 -67.42 -79.66 -1.59 0.49 457
 459 3 -67.77 -79.95 -1.59 0.49 458
 460 3 -68.35 -80.65 -1.5 0.49 459
 461 3 -68.89 -81.14 -1.5 0.49 460
 462 3 -69.49 -81.85 -1.5 0.49 461
 463 3 -70.35 -82.61 -1.41 0.49 462
 464 3 -71.06 -83.29 -1.41 0.49 463
 465 3 -71.23 -83.48 -1.41 0.49 464
 466 3 -72.1 -84.24 -1.35 0.49 465
 467 3 -73.06 -84.86 -1.35 0.49 466
 468 3 -74.66 -85.53 -1.27 0.49 467
 469 3 -75.35 -85.7 -1.27 0.49 468
 470 3 -76.55 -85.85 -1.27 0.49 469
 471 3 -77.13 -86.07 -1.27 0.49 470
 472 3 -77.93 -86.2 -1.2 0.49 471
 473 3 -78.65 -86.5 -1.2 0.49 472
 474 3 -79.65 -86.84 -1.2 0.49 473
 475 3 -81.05 -86.81 -1.12 0.49 474
 476 3 -81.94 -86.8 -1.12 0.49 475
 477 3 -82.87 -86.9 -1.12 0.49 476
 478 3 -84.3 -86.98 -1.04 0.49 477
 479 3 -84.65 -86.88 -1.04 0.49 478
 480 3 -85.48 -86.63 -1.04 0.49 479
 481 3 -86.89 -86.22 -0.99 0.49 480
 482 3 -88.06 -85.87 -0.99 0.49 481
 483 3 -89.28 -85.65 -0.88 0.49 482
 484 3 -90.09 -85.79 -0.81 0.49 483
 485 3 -91.51 -86.26 -0.81 0.49 484
 486 3 -92.68 -86.79 -0.75 0.49 485
 487 3 -94.14 -87.38 -0.75 0.49 486
 488 3 -94.79 -87.44 -0.67 0.49 487
 489 3 -95.88 -87.64 -0.67 0.49 488
 490 3 -96.34 -87.5 -0.67 0.49 489
 491 3 -96.89 -87.59 -0.61 0.49 490
 492 3 -97.7 -87.72 -0.61 0.49 491
 493 3 -98.78 -87.92 -0.51 0.49 492
 494 3 -99.66 -88.28 -0.43 0.49 493
 495 3 -102.46 -88.23 -0.37 0.49 494
 496 3 -102.87 -88.36 -0.3 0.49 495
 497 3 -103.23 -88.26 -0.3 0.49 496
 498 3 -104 -88.27 -0.3 0.49 497
 499 3 -105.63 -89.06 -0.3 0.49 498
 500 3 -107.5 -88.89 -0.23 0.49 499
 501 3 -108.12 -88.83 -0.23 0.49 500
 502 3 -109.83 -90.23 -0.23 0.49 501
 503 3 -110.96 -91.04 -0.23 0.49 502
 504 3 -111.8 -90.92 -0.23 0.49 503
 505 3 -112.83 -90.87 -0.14 0.49 504
 506 3 -27.7 0.95 -1.82 0.55 368
 507 3 -28.12 0.81 -1.87 0.55 506
 508 3 -28.66 0.73 -1.87 0.55 507
 509 3 -28.77 0.76 -1.97 0.55 508
 510 3 -29.25 0.9 -1.97 0.55 509
 511 3 -29.87 0.96 -1.97 0.55 510
 512 3 -30.21 1.06 -1.97 0.55 511
 513 3 -30.34 1.1 -1.97 0.55 512
 514 3 -31.51 1.44 -2.03 0.55 513
 515 3 -32.46 1.72 -2.03 0.55 514
 516 3 -33.52 2.04 -2.03 0.55 515
 517 3 -34.21 2.24 -2.03 0.55 516
 518 3 -35.25 2.17 -2.09 0.55 517
 519 3 -36.26 1.84 -2.09 0.55 518
 520 3 -36.68 1.71 -2.09 0.55 519
 521 3 -37.68 1.37 -2.09 0.55 520
 522 3 -38.19 1.38 -2.09 0.55 521
 523 3 -39.12 1.66 -2.09 0.55 522
 524 3 -40.14 1.7 -2.09 0.55 523
 525 3 -41.1 1.49 -2.09 0.55 524
 526 3 -41.75 1.43 -2.19 0.55 525
 527 3 -42.49 1.52 -2.19 0.55 526
 528 3 -43.15 1.46 -2.19 0.55 527
 529 3 -43.78 1.5 -2.19 0.55 528
 530 3 -44.61 1.26 -2.19 0.55 529
 531 3 -45.46 0.99 -2.19 0.55 530
 532 3 -45.7 1.06 -2.19 0.55 531
 533 3 -46.61 0.58 -2.19 0.55 532
 534 3 -47.27 0.52 -2.19 0.55 533
 535 3 -47.77 0.52 -2.19 0.55 534
 536 3 -48.99 0.77 -2.19 0.55 535
 537 3 -49.23 0.84 -2.19 0.55 536
 538 3 -49.92 1.04 -2.25 0.55 537
 539 3 -50.16 1.12 -2.25 0.55 538
 540 3 -50.98 1.36 -2.25 0.55 539
 541 3 -51.46 1.5 -2.25 0.55 540
 542 3 -52.98 1.95 -2.25 0.55 541
 543 3 -54.02 2.37 -2.25 0.55 542
 544 3 -54.84 2.62 -2.25 0.55 543
 545 3 -55.99 3.48 -2.25 0.55 544
 546 3 -56.3 3.68 -2.25 0.55 545
 547 3 -56.71 4.06 -2.25 0.55 546
 548 3 -57.32 4.62 -2.25 0.55 547
 549 3 -57.99 5.33 -2.25 0.55 548
 550 3 -58.6 5.89 -2.25 0.55 549
 551 3 -59.71 6.85 -2.25 0.55 550
 552 3 -61.22 7.44 -2.25 0.55 551
 553 3 -18.83 4.21 -1.59 0.675 350
 554 3 -18.95 4.25 -1.64 0.675 553
 555 3 -18.95 4.25 -1.82 0.675 554
 556 3 -18.95 4.25 -1.97 0.675 555
 557 3 -19.07 4.28 -2.03 0.675 556
 558 3 -19.07 4.28 -2.19 0.675 557
 559 3 -19.07 4.28 -2.42 0.675 558
 560 3 -19.31 4.35 -2.49 0.675 559
 561 3 -19.4 4.49 -2.49 0.675 560
 562 3 -19.4 4.49 -2.72 0.675 561
 563 3 -19.6 4.68 -2.88 0.675 562
 564 3 -19.57 4.8 -3.09 0.675 563
 565 3 -19.75 4.98 -3.17 0.675 564
 566 3 -19.71 5.11 -3.3 0.675 565
 567 3 -19.84 5.15 -3.47 0.675 566
 568 3 -19.92 5.28 -3.63 0.675 567
 569 3 -20.01 5.44 -3.71 0.675 568
 570 3 -20.25 5.9 -3.76 0.675 569
 571 3 -20.38 5.94 -3.84 0.675 570
 572 3 -20.38 5.94 -4.01 0.675 571
 573 3 -20.51 6.36 -4.09 0.675 572
 574 3 -20.56 6.63 -4.38 0.675 573
 575 3 -20.53 6.74 -4.38 0.675 574
 576 3 -20.53 6.74 -4.55 0.675 575
 577 3 -20.8 7.07 -4.61 0.675 576
 578 3 -20.89 7.22 -4.69 0.675 577
 579 3 -21.06 7.53 -4.76 0.675 578
 580 3 -21.28 7.6 -4.76 0.675 579
 581 3 -21.53 9.27 -4.69 0.55 580
 582 3 -21.77 9.74 -4.69 0.55 581
 583 3 -22.03 10.19 -4.69 0.55 582
 584 3 -22.13 10.22 -4.76 0.55 583
 585 3 -22.1 10.33 -4.76 0.55 584
 586 3 -22.48 11.21 -4.84 0.55 585
 587 3 -22.58 11.37 -4.92 0.55 586
 588 3 -22.51 11.98 -5.07 0.55 587
 589 3 -22.57 12.25 -5.13 0.55 588
 590 3 -22.54 12.76 -5.3 0.55 589
 591 3 -22.56 13.15 -5.3 0.55 590
 592 3 -22.53 13.25 -5.38 0.55 591
 593 3 -22.64 13.68 -5.38 0.55 592
 594 3 -22.75 14.21 -5.44 0.55 593
 595 3 -22.88 15.02 -5.51 0.55 594
 596 3 -22.92 15.41 -5.51 0.55 595
 597 3 -22.99 15.55 -5.59 0.55 596
 598 3 -23.06 16.2 -5.67 0.55 597
 599 3 -23.32 17.05 -5.76 0.55 598
 600 3 -23.4 17.19 -5.82 0.55 599
 601 3 -23.45 17.47 -5.9 0.55 600
 602 3 -24.02 18.14 -5.96 0.55 601
 603 3 -24.31 18.48 -6.05 0.55 602
 604 3 -24.42 18.51 -6.05 0.55 603
 605 3 -24.68 18.96 -6.13 0.55 604
 606 3 -25.16 19.49 -6.21 0.55 605
 607 3 -25.24 19.65 -6.21 0.55 606
 608 3 -25.41 19.94 -6.28 0.55 607
 609 3 -25.57 20.25 -6.28 0.55 608
 610 3 -25.82 20.7 -6.34 0.55 609
 611 3 -26.26 21.85 -6.42 0.55 610
 612 3 -26.38 22.26 -6.42 0.55 611
 613 3 -26.18 22.96 -6.59 0.55 612
 614 3 -26 23.55 -6.67 0.55 613
 615 3 -25.83 24.14 -6.8 0.55 614
 616 3 -25.76 24.36 -6.8 0.55 615
 617 3 -25.59 24.95 -6.88 0.55 616
 618 3 -25.38 25.65 -6.88 0.55 617
 619 3 -25.24 26.13 -6.96 0.55 618
 620 3 -25.05 26.31 -6.96 0.55 619
 621 3 -24.88 26.52 -6.96 0.55 620
 622 3 -24.5 26.92 -7.05 0.55 621
 623 3 -24.15 27.2 -7.05 0.55 622
 624 3 -23.93 27.51 -7.05 0.55 623
 625 3 -23.86 27.75 -7.05 0.55 624
 626 3 -23.57 27.91 -7.05 0.55 625
 627 3 -23.26 28.08 -7.05 0.55 626
 628 3 -23.03 28.38 -7.05 0.55 627
 629 3 -22.54 8.1 -4.84 0.675 580
 630 3 -22.88 8.32 -5.07 0.675 629
 631 3 -22.96 8.47 -5.13 0.675 630
 632 3 -23.23 8.8 -5.21 0.675 631
 633 3 -23.75 9.21 -5.3 0.675 632
 634 3 -24.11 9.32 -5.3 0.675 633
 635 3 -24.07 9.44 -5.3 0.675 634
 636 3 -24.63 9.73 -5.44 0.675 635
 637 3 -24.87 9.8 -5.51 0.675 636
 638 3 -24.94 9.94 -5.51 0.675 637
 639 3 -25.3 10.05 -5.76 0.675 638
 640 3 -25.62 10.28 -5.76 0.675 639
 641 3 -25.93 10.49 -5.82 0.675 640
 642 3 -26.38 10.76 -5.82 0.675 641
 643 3 -26.48 10.79 -5.9 0.675 642
 644 3 -26.69 10.98 -5.96 0.675 643
 645 3 -26.92 11.04 -6.05 0.675 644
 646 3 -27 11.18 -6.05 0.675 645
 647 3 -27.37 11.29 -6.05 0.675 646
 648 3 -27.79 11.55 -6.13 0.675 647
 649 3 -28.03 11.62 -6.21 0.675 648
 650 3 -28.32 11.97 -6.28 0.675 649
 651 3 -28.52 12.14 -6.28 0.675 650
 652 3 -28.73 12.33 -6.34 0.675 651
 653 3 -29.05 12.56 -6.42 0.675 652
 654 3 -29.2 12.87 -6.42 0.675 653
 655 3 -29.72 13.26 -6.51 0.675 654
 656 3 -29.9 13.56 -6.59 0.675 655
 657 3 -30.08 13.75 -6.59 0.675 656
 658 3 -30.2 13.79 -6.67 0.675 657
 659 3 -30.53 14.01 -6.73 0.675 658
 660 3 -30.89 14.49 -6.73 0.675 659
 661 3 -31.26 15 -6.8 0.675 660
 662 3 -31.46 15.17 -6.8 0.675 661
 663 3 -31.82 15.65 -6.88 0.675 662
 664 3 -32.43 16.22 -6.96 0.675 663
 665 3 -32.6 16.52 -6.96 0.675 664
 666 3 -33.6 17.45 -7.05 0.675 665
 667 3 -34.04 17.72 -7.11 0.675 666
 668 3 -34.28 17.79 -7.11 0.675 667
 669 3 -34.35 17.93 -7.19 0.675 668
 670 3 -35.23 18.45 -7.26 0.675 669
 671 3 -35.33 18.49 -7.26 0.675 670
 672 3 -36.02 18.8 -7.34 0.675 671
 673 3 -36.45 19.07 -7.42 0.675 672
 674 3 -36.88 19.31 -7.5 0.675 673
 675 3 -37.21 19.55 -7.5 0.675 674
 676 3 -37.73 19.94 -7.5 0.675 675
 677 3 -37.97 20.02 -7.57 0.675 676
 678 3 -38.04 20.17 -7.63 0.675 677
 679 3 -38 20.28 -7.71 0.675 678
 680 3 -38.36 20.38 -7.8 0.675 679
 681 3 -38.48 20.42 -7.8 0.675 680
 682 3 -38.83 20.52 -7.88 0.675 681
 683 3 -39.15 20.74 -7.88 0.675 682
 684 3 -39.38 20.81 -7.94 0.675 683
 685 3 -39.67 21.16 -8.02 0.675 684
 686 3 -40.22 21.45 -8.02 0.675 685
 687 3 -40.46 21.52 -8.02 0.675 686
 688 3 -40.75 21.86 -8.1 0.675 687
 689 3 -41.25 22.27 -8.18 0.675 688
 690 3 -41.91 22.7 -8.18 0.675 689
 691 3 -42.1 22.9 -8.18 0.675 690
 692 3 -42.34 22.97 -8.18 0.675 691
 693 3 -43.21 23.48 -8.25 0.675 692
 694 3 -43.78 23.65 -8.25 0.675 693
 695 3 -44.47 23.97 -8.25 0.675 694
 696 3 -44.78 24.19 -8.25 0.675 695
 697 3 -45.33 24.49 -8.31 0.675 696
 698 3 -45.54 24.66 -8.31 0.675 697
 699 3 -46.37 24.91 -8.31 0.675 698
 700 3 -46.49 24.94 -8.31 0.675 699
 701 3 -47.78 24.25 -8.25 0.55 700
 702 3 -47.89 24.28 -8.25 0.55 701
 703 3 -48.44 24.21 -8.31 0.55 702
 704 3 -49.32 23.82 -8.39 0.55 703
 705 3 -49.6 23.78 -8.47 0.55 704
 706 3 -49.94 23.88 -8.55 0.55 705
 707 3 -50.21 23.84 -8.63 0.55 706
 708 3 -50.37 23.74 -8.63 0.55 707
 709 3 -50.47 23.78 -8.71 0.55 708
 710 3 -50.71 23.85 -8.71 0.55 709
 711 3 -50.91 23.65 -8.77 0.55 710
 712 3 -51.15 23.72 -8.85 0.55 711
 713 3 -51.3 23.64 -8.85 0.55 712
 714 3 -51.82 23.55 -8.93 0.55 713
 715 3 -52.64 23.41 -8.93 0.55 714
 716 3 -53.15 23.44 -9 0.55 715
 717 3 -53.25 23.47 -9.06 0.55 716
 718 3 -53.53 23.42 -9.06 0.55 717
 719 3 -53.88 23.52 -9.14 0.55 718
 720 3 -54.33 23.28 -9.22 0.55 719
 721 3 -54.77 23.15 -9.31 0.55 720
 722 3 -55.15 23.15 -9.38 0.55 721
 723 3 -55.42 23.08 -9.47 0.55 722
 724 3 -55.99 22.87 -9.47 0.55 723
 725 3 -56.57 22.67 -9.52 0.55 724
 726 3 -57.15 22.46 -9.6 0.55 725
 727 3 -57.63 22.1 -9.68 0.55 726
 728 3 -58.39 21.68 -9.68 0.55 727
 729 3 -59.49 21 -9.77 0.55 728
 730 3 -59.94 20.74 -9.77 0.55 729
 731 3 -60.33 20.74 -9.89 0.55 730
 732 3 -60.67 20.46 -9.89 0.55 731
 733 3 -61.52 20.19 -9.97 0.55 732
 734 3 -61.67 20.12 -9.97 0.55 733
 735 3 -62.5 19.48 -10.06 0.55 734
 736 3 -62.81 19.31 -10.14 0.55 735
 737 3 -63.31 19.33 -10.22 0.55 736
 738 3 -63.73 19.21 -10.22 0.55 737
 739 3 -64.11 19.19 -10.3 0.55 738
 740 3 -64.59 18.94 -10.3 0.55 739
 741 3 -65.08 18.57 -10.38 0.55 740
 742 3 -65.53 18.33 -10.38 0.55 741
 743 3 -66.01 17.97 -10.43 0.55 742
 744 3 -66.39 17.57 -10.43 0.55 743
 745 3 -66.89 17.21 -10.43 0.55 744
 746 3 -67.45 16.99 -10.52 0.55 745
 747 3 -68.07 16.66 -10.6 0.55 746
 748 3 -68.36 16.51 -10.68 0.55 747
 749 3 -68.86 16.15 -10.68 0.55 748
 750 3 -69.24 15.76 -10.75 0.55 749
 751 3 -69.63 15.23 -10.81 0.55 750
 752 3 -70.13 14.87 -10.81 0.55 751
 753 3 -70.76 14.05 -10.97 0.55 752
 754 3 -71.24 13.3 -10.97 0.55 753
 755 3 -71.49 12.86 -11.13 0.55 754
 756 3 -71.65 12.79 -11.13 0.55 755
 757 3 -71.87 12.46 -11.21 0.55 756
 758 3 -72.21 12.18 -11.21 0.55 757
 759 3 -72.45 11.75 -11.21 0.55 758
 760 3 -72.69 11.43 -11.27 0.55 759
 761 3 -73.06 11.05 -11.35 0.55 760
 762 3 -73.25 10.84 -11.43 0.55 761
 763 3 -73.32 10.6 -11.43 0.55 762
 764 3 -73.76 9.98 -11.5 0.55 763
 765 3 -74.93 8.17 -11.64 0.55 764
 766 3 -76.21 6.76 -11.72 0.55 765
 767 3 -76.4 6.56 -11.72 0.55 766
 768 3 -76.73 5.89 -11.81 0.55 767
 769 3 -77.01 5.33 -11.88 0.55 768
 770 3 -77.11 4.99 -11.88 0.55 769
 771 3 -77.74 4.16 -11.97 0.55 770
 772 3 -77.81 3.93 -12.02 0.55 771
 773 3 -78.04 3.62 -12.02 0.55 772
 774 3 -78.21 3.04 -12.1 0.55 773
 775 3 -78.28 2.8 -12.18 0.55 774
 776 3 -78.73 2.16 -12.27 0.55 775
 777 3 -79.04 1.5 -12.27 0.55 776
 778 3 -79.38 1.23 -12.27 0.55 777
 779 3 -79.61 0.9 -12.35 0.55 778
 780 3 -79.8 0.71 -12.39 0.55 779
 781 3 -79.95 0.62 -12.47 0.55 780
 782 3 -80.18 0.31 -12.56 0.55 781
 783 3 -80.29 -0.02 -12.56 0.55 782
 784 3 -80.53 -0.85 -12.64 0.55 783
 785 3 -80.67 -1.3 -12.72 0.55 784
 786 3 -81.08 -2.71 -12.72 0.55 785
 787 3 -81.33 -3.53 -12.8 0.55 786
 788 3 -81.36 -3.64 -12.8 0.55 787
 789 3 -81.57 -4.34 -12.93 0.55 788
 790 3 -81.78 -5.05 -13.02 0.55 789
 791 3 -82.01 -5.85 -13.02 0.55 790
 792 3 -82.08 -6.09 -13.1 0.55 791
 793 3 -82.36 -7.02 -13.1 0.55 792
 794 3 -82.46 -7.37 -13.18 0.55 793
 795 3 -82.67 -8.09 -13.25 0.55 794
 796 3 -82.91 -8.89 -13.25 0.55 795
 797 3 -83.16 -9.72 -13.31 0.55 796
 798 3 -83.33 -10.3 -13.31 0.55 797
 799 3 -83.5 -10.89 -13.39 0.55 798
 800 3 -83.68 -11.47 -13.47 0.55 799
 801 3 -83.84 -12.04 -13.47 0.55 800
 802 3 -84.05 -12.75 -13.55 0.55 801
 803 3 -84.3 -13.57 -13.63 0.55 802
 804 3 -84.36 -13.79 -13.63 0.55 803
 805 3 -84.68 -14.86 -13.71 0.55 804
 806 3 -84.81 -15.31 -13.71 0.55 805
 807 3 -84.95 -15.79 -13.77 0.55 806
 808 3 -85.23 -16.34 -13.85 0.55 807
 809 3 -85.58 -17.11 -13.93 0.55 808
 810 3 -85.79 -17.82 -13.93 0.55 809
 811 3 -86.09 -18.37 -14 0.55 810
 812 3 -86.38 -18.92 -14 0.55 811
 813 3 -86.74 -19.69 -14.06 0.55 812
 814 3 -87.13 -20.6 -14.06 0.55 813
 815 3 -87.34 -21.3 -14.14 0.55 814
 816 3 -87.64 -21.85 -14.14 0.55 815
 817 3 -87.82 -22.04 -14.14 0.55 816
 818 3 -88.1 -22.59 -14.22 0.55 817
 819 3 -88.27 -23.18 -14.22 0.55 818
 820 3 -88.62 -23.85 -14.22 0.55 819
 821 3 -88.79 -24.43 -14.31 0.55 820
 822 3 -89 -25.13 -14.38 0.55 821
 823 3 -89.31 -25.79 -14.47 0.55 822
 824 3 -89.85 -27.17 -14.47 0.55 823
 825 3 -90.03 -27.35 -14.47 0.55 824
 826 3 -90.41 -27.76 -14.47 0.55 825
 827 3 -90.69 -28.31 -14.6 0.55 826
 828 3 -91.13 -28.93 -14.6 0.55 827
 829 3 -91.36 -29.24 -14.6 0.55 828
 830 3 -91.86 -29.62 -14.6 0.55 829
 831 3 -92.67 -30.65 -14.6 0.55 830
 832 3 -93.77 -32 -14.68 0.55 831
 833 3 -93.91 -32.46 -14.68 0.55 832
 834 3 -94.71 -33.87 -14.68 0.55 833
 835 3 -95.23 -34.36 -14.77 0.55 834
 836 3 -95.84 -35.07 -14.77 0.55 835
 837 3 -96.21 -35.46 -14.77 0.55 836
 838 3 -96.71 -36.33 -14.85 0.55 837
 839 3 -97.05 -37 -14.89 0.55 838
 840 3 -97.33 -37.94 -14.89 0.55 839
 841 3 -97.6 -38.87 -14.89 0.55 840
 842 3 -97.91 -39.91 -14.97 0.55 841
 843 3 -98.22 -40.97 -14.97 0.55 842
 844 3 -98.33 -41.32 -15.06 0.55 843
 845 3 -98.46 -41.77 -15.14 0.55 844
 846 3 -98.64 -42.36 -15.22 0.55 845
 847 3 -98.84 -43.06 -15.3 0.55 846
 848 3 -99.23 -44.35 -15.3 0.55 847
 849 3 -99.61 -45.64 -15.38 0.55 848
 850 3 -99.88 -46.57 -15.43 0.55 849
 851 3 -100.12 -47.39 -15.43 0.55 850
 852 3 -100.19 -48.12 -15.52 0.55 851
 853 3 -100.37 -48.71 -15.52 0.55 852
 854 3 -100.42 -49.71 -15.6 0.55 853
 855 3 -100.47 -50.33 -15.6 0.55 854
 856 3 -100.68 -51.02 -15.68 0.55 855
 857 3 -100.99 -52.09 -15.68 0.55 856
 858 3 -101.2 -52.78 -15.68 0.55 857
 859 3 -101.44 -53.6 -15.75 0.55 858
 860 3 -101.71 -54.53 -15.75 0.55 859
 861 3 -101.79 -54.77 -15.89 0.55 860
 862 3 -102.2 -56.16 -15.89 0.55 861
 863 3 -102.88 -57.61 -15.97 0.55 862
 864 3 -103.37 -58.36 -16.04 0.55 863
 865 3 -104.09 -59.54 -16.12 0.55 864
 866 3 -104.56 -60.67 -16.2 0.55 865
 867 3 -104.91 -61.84 -16.2 0.55 866
 868 3 -105.08 -62.43 -16.29 0.55 867
 869 3 -105.58 -63.68 -16.29 0.55 868
 870 3 -105.92 -64.84 -16.29 0.55 869
 871 3 -106.23 -65.9 -16.36 0.55 870
 872 3 -106.54 -66.94 -16.36 0.55 871
 873 3 -106.64 -67.29 -16.36 0.55 872
 874 3 -106.99 -68.46 -16.43 0.55 873
 875 3 -107.06 -68.69 -16.5 0.55 874
 876 3 -107.23 -69.28 -16.5 0.55 875
 877 3 -108.12 -71.43 -16.5 0.55 876
 878 3 -108.65 -72.9 -16.59 0.55 877
 879 3 -108.82 -73.48 -16.59 0.55 878
 880 3 -108.85 -73.6 -16.59 0.55 879
 881 3 -109.2 -74.76 -16.64 0.55 880
 882 3 -109.51 -75.82 -16.64 0.55 881
 883 3 -109.68 -76.39 -16.64 0.55 882
 884 3 -109.85 -76.99 -16.64 0.55 883
 885 3 -46.05 26.85 -8.39 0.615 700
 886 3 -46.33 27.19 -8.39 0.615 885
 887 3 -46.66 27.79 -8.39 0.615 886
 888 3 -47.4 29.17 -8.39 0.615 887
 889 3 -48.26 30.18 -8.47 0.615 888
 890 3 -49.44 31.4 -8.47 0.615 889
 891 3 -50.2 32.26 -8.55 0.615 890
 892 3 -50.61 33.03 -8.55 0.615 891
 893 3 -51.04 33.8 -8.55 0.615 892
 894 3 -52.06 35.48 -8.55 0.615 893
 895 3 -52.32 35.94 -8.63 0.615 894
 896 3 -52.51 36.13 -8.63 0.615 895
 897 3 -52.53 36.51 -8.63 0.615 896
 898 3 -52.99 37.53 -8.71 0.615 897
 899 3 -53.25 37.99 -8.71 0.615 898
 900 3 -53.39 38.81 -8.77 0.615 899
 901 3 -53.52 39.22 -8.77 0.615 900
 902 3 -53.84 39.82 -8.77 0.615 901
 903 3 -53.98 40.24 -8.85 0.615 902
 904 3 -54.15 40.93 -8.93 0.615 903
 905 3 -54.46 41.66 -8.93 0.615 904
 906 3 -54.87 42.42 -9 0.615 905
 907 3 -54.96 42.57 -9 0.615 906
 908 3 -55.25 42.89 -9 0.615 907
 909 3 -55.33 43.43 -9 0.615 908
 910 3 -55.97 44.76 -9.06 0.615 909
 911 3 -56.21 45.21 -9.06 0.615 910
 912 3 -56.43 45.79 -9.06 0.615 911
 913 3 -56.6 46.09 -9.06 0.615 912
 914 3 -56.83 46.67 -9.06 0.615 913
 915 3 -57.25 48.19 -9.06 0.615 914
 916 3 -56.88 51.07 -9.14 0.615 915
 917 3 -57.27 52.33 -9.14 0.615 916
 918 3 -57.47 52.9 -9.14 0.615 917
 919 3 -57.73 53.36 -9.22 0.615 918
 920 3 -57.95 53.93 -9.31 0.615 919
 921 3 -58.17 54.87 -9.31 0.615 920
 922 3 -58.23 55.54 -9.31 0.615 921
 923 3 -58.3 56.18 -9.38 0.615 922
 924 3 -58.12 56.78 -9.38 0.615 923
 925 3 -58.05 57.01 -9.47 0.615 924
 926 3 -57.98 57.25 -9.47 0.615 925
 927 3 -57.95 57.36 -9.52 0.615 926
 928 3 -57.79 58.33 -9.6 0.615 927
 929 3 -57.81 58.71 -9.68 0.615 928
 930 3 -57.82 59.1 -9.68 0.615 929
 931 3 -57.88 59.36 -9.68 0.615 930
 932 3 -57.81 59.59 -9.68 0.615 931
 933 3 -57.93 60.01 -9.77 0.615 932
 934 3 -58.1 60.32 -9.85 0.615 933
 935 3 -58.15 60.58 -9.85 0.615 934
 936 3 -58.2 60.85 -9.85 0.615 935
 937 3 -58.37 61.16 -9.89 0.615 936
 938 3 -58.58 61.72 -9.89 0.615 937
 939 3 -58.54 61.84 -9.89 0.615 938
 940 3 -59.13 62.9 -9.97 0.615 939
 941 3 -59.77 64.23 -10.06 0.615 940
 942 3 -60.1 65.21 -10.14 0.615 941
 943 3 -60.27 65.53 -10.14 0.615 942
 944 3 -60.39 65.95 -10.22 0.615 943
 945 3 -60.53 66.36 -10.22 0.615 944
 946 3 -60.88 66.97 -10.3 0.615 945
 947 3 -61.29 68.1 -10.3 0.615 946
 948 3 -61.84 69.3 -10.3 0.615 947
 949 3 -61.9 69.56 -10.38 0.615 948
 950 3 -62.02 69.96 -10.43 0.615 949
 951 3 -62.19 70.28 -10.43 0.615 950
 952 3 -62.29 71.2 -10.43 0.615 951
 953 3 -62.46 72.39 -10.43 0.615 952
 954 3 -62.64 73.07 -10.52 0.615 953
 955 3 -62.94 73.8 -10.6 0.615 954
 956 3 -63.46 75.1 -10.6 0.615 955
 957 3 -63.91 76.12 -10.68 0.615 956
 958 3 -64.11 76.81 -10.68 0.615 957
 959 3 -64.31 77.38 -10.68 0.615 958
 960 3 -64.48 78.08 -10.75 0.615 959
 961 3 -64.64 78.87 -10.81 0.615 960
 962 3 -64.7 79.54 -10.81 0.615 961
 963 3 -64.7 80.8 -10.89 0.615 962
 964 3 -64.69 81.31 -10.89 0.615 963
 965 3 -64.82 81.73 -10.89 0.615 964
 966 3 -65.21 82.98 -10.89 0.615 965
 967 3 -65.16 83.61 -10.97 0.615 966
 968 3 -5.09 2.94 0 1.045 1
 969 3 -5.24 3.25 0 1.045 968
 970 3 -5.48 3.32 0 1.045 969
 971 3 -6.16 3.63 0 1.045 970
 972 3 -7.14 4.19 0 0.675 971
 973 3 -7.27 4.22 0 0.675 972
 974 3 -7.35 4.37 0 0.675 973
 975 3 -7.55 4.57 0 0.675 974
 976 3 -7.65 4.6 0.07 0.675 975
 977 3 -7.99 4.81 0.14 0.675 976
 978 3 -8.3 5.05 0.14 0.675 977
 979 3 -8.52 5.12 0.14 0.675 978
 980 3 -8.62 5.26 0.3 0.675 979
 981 3 -8.93 5.49 0.3 0.675 980
 982 3 -9.33 5.84 0.37 0.675 981
 983 3 -9.53 6.04 0.37 0.675 982
 984 3 -9.5 6.16 0.43 0.675 983
 985 3 -9.79 6.5 0.6 0.675 984
 986 3 -9.98 6.67 0.68 0.675 985
 987 3 -10.07 6.83 0.75 0.675 986
 988 3 -10.18 6.87 0.81 0.675 987
 989 3 -10.52 7.08 0.81 0.675 988
 990 3 -10.67 7.39 0.81 0.675 989
 991 3 -10.95 7.73 0.81 0.675 990
 992 3 -11.16 7.91 0.81 0.675 991
 993 3 -11.43 8.25 0.91 0.675 992
 994 3 -11.57 8.29 0.91 0.675 993
 995 3 -11.84 8.63 0.97 0.675 994
 996 3 -12.05 8.81 0.97 0.675 995
 997 3 -12.49 9.46 0.97 0.675 996
 998 3 -12.82 9.67 0.97 0.675 997
 999 3 -13.1 10 1.04 0.675 998
 1000 3 -13.75 10.83 1.04 0.675 999
 1001 3 -13.92 11.14 1.04 0.675 1000
 1002 3 -14.12 11.33 1.12 0.675 1001
 1003 3 -14.31 11.52 1.2 0.675 1002
 1004 3 -14.27 11.62 1.2 0.675 1003
 1005 3 -14.44 11.93 1.2 0.675 1004
 1006 3 -14.61 12.24 1.27 0.675 1005
 1007 3 -14.78 12.55 1.27 0.675 1006
 1008 3 -14.95 12.86 1.36 0.675 1007
 1009 3 -14.96 13.23 1.41 0.675 1008
 1010 3 -15.13 13.52 1.41 0.675 1009
 1011 3 -15.42 14.25 1.59 0.675 1010
 1012 3 -15.63 14.82 1.59 0.675 1011
 1013 3 -15.6 14.94 1.59 0.675 1012
 1014 3 -15.8 15.13 1.59 0.675 1013
 1015 3 -15.86 15.41 1.64 0.675 1014
 1016 3 -16.18 15.62 1.64 0.675 1015
 1017 3 -16.66 16.15 1.64 0.675 1016
 1018 3 -16.87 16.33 1.64 0.675 1017
 1019 3 -17.48 17.28 1.64 0.55 1018
 1020 3 -17.59 17.32 1.64 0.55 1019
 1021 3 -18.4 18.06 1.64 0.55 1020
 1022 3 -19.03 18.5 1.64 0.55 1021
 1023 3 -19.12 18.65 1.64 0.55 1022
 1024 3 -19.32 18.83 1.64 0.55 1023
 1025 3 -19.64 19.06 1.73 0.55 1024
 1026 3 -20.33 20.15 1.87 0.55 1025
 1027 3 -20.53 20.34 1.87 0.55 1026
 1028 3 -20.9 20.83 1.96 0.55 1027
 1029 3 -21.3 21.21 2.01 0.55 1028
 1030 3 -21.58 21.53 2.01 0.55 1029
 1031 3 -21.82 21.6 2.09 0.55 1030
 1032 3 -21.91 21.75 2.09 0.55 1031
 1033 3 -22.75 22.4 2.19 0.55 1032
 1034 3 -23.18 22.65 2.19 0.55 1033
 1035 3 -23.27 22.79 2.25 0.55 1034
 1036 3 -23.58 23.01 2.25 0.55 1035
 1037 3 -24.18 23.58 2.32 0.55 1036
 1038 3 -24.39 23.76 2.42 0.55 1037
 1039 3 -25.06 24.08 2.5 0.55 1038
 1040 3 -25.14 24.24 2.5 0.55 1039
 1041 3 -26.59 24.91 2.65 0.55 1040
 1042 3 -27.06 25.05 2.73 0.55 1041
 1043 3 -27.66 25.23 2.73 0.55 1042
 1044 3 -28.01 25.33 2.78 0.55 1043
 1045 3 -28.71 25.54 2.78 0.55 1044
 1046 3 -29.54 25.78 2.88 0.55 1045
 1047 3 -30.31 25.77 2.88 0.55 1046
 1048 3 -30.66 25.87 2.94 0.55 1047
 1049 3 -31.17 25.89 2.94 0.55 1048
 1050 3 -31.65 26.03 2.94 0.55 1049
 1051 3 -32.3 25.98 3.01 0.55 1050
 1052 3 -32.65 26.09 3.01 0.55 1051
 1053 3 -33.16 26.09 3.09 0.55 1052
 1054 3 -33.67 26.13 3.09 0.55 1053
 1055 3 -34.08 25.99 3.09 0.55 1054
 1056 3 -34.46 25.99 3.09 0.55 1055
 1057 3 -34.77 25.82 3.17 0.55 1056
 1058 3 -35.32 25.72 3.17 0.55 1057
 1059 3 -35.67 25.82 3.25 0.55 1058
 1060 3 -35.91 25.89 3.25 0.55 1059
 1061 3 -36.49 26.06 3.25 0.55 1060
 1062 3 -37.24 26.16 3.25 0.55 1061
 1063 3 -37.35 26.19 3.25 0.55 1062
 1064 3 -37.48 26.23 3.3 0.55 1063
 1065 3 -37.94 26.37 3.3 0.55 1064
 1066 3 -38.06 26.4 3.3 0.55 1065
 1067 3 -38.53 26.54 3.3 0.55 1066
 1068 3 -38.88 26.65 3.4 0.55 1067
 1069 3 -39.46 26.82 3.4 0.55 1068
 1070 3 -39.94 26.96 3.4 0.55 1069
 1071 3 -40.4 27.1 3.48 0.55 1070
 1072 3 -40.88 27.24 3.48 0.55 1071
 1073 3 -42.06 27.59 3.53 0.55 1072
 1074 3 -42.52 27.72 3.53 0.55 1073
 1075 3 -43.12 27.9 3.63 0.55 1074
 1076 3 -43.51 28.28 3.63 0.55 1075
 1077 3 -43.95 28.53 3.63 0.55 1076
 1078 3 -44.15 28.73 3.71 0.55 1077
 1079 3 -45.05 29.61 3.71 0.55 1078
 1080 3 -45.15 29.64 3.76 0.55 1079
 1081 3 -45.84 30.36 3.76 0.55 1080
 1082 3 -46.32 30.89 3.84 0.55 1081
 1083 3 -46.49 31.18 3.84 0.55 1082
 1084 3 -46.9 31.55 3.84 0.55 1083
 1085 3 -47.21 31.79 3.84 0.55 1084
 1086 3 -47.38 32.08 3.84 0.55 1085
 1087 3 -47.59 32.28 3.94 0.55 1086
 1088 3 -47.66 32.42 3.94 0.55 1087
 1089 3 -47.95 32.77 3.94 0.55 1088
 1090 3 -48.94 33.68 3.94 0.55 1089
 1091 3 -49.18 33.75 4 0.55 1090
 1092 3 -49.14 33.88 4 0.55 1091
 1093 3 -49.7 34.16 4 0.55 1092
 1094 3 -49.66 34.29 4 0.55 1093
 1095 3 -51.16 37.13 4.15 0.49 1094
 1096 3 -51.27 37.55 4.15 0.49 1095
 1097 3 -51.5 38.12 4.15 0.49 1096
 1098 3 -51.75 38.58 4.15 0.49 1097
 1099 3 -51.99 39.03 4.15 0.49 1098
 1100 3 -52.37 39.53 4.15 0.49 1099
 1101 3 -52.53 39.83 4.07 0.49 1100
 1102 3 -52.71 40.51 4.07 0.49 1101
 1103 3 -52.99 40.85 4.07 0.49 1102
 1104 3 -53.22 41.42 4.07 0.49 1103
 1105 3 -53.74 42.21 4 0.49 1104
 1106 3 -54.03 42.93 4 0.49 1105
 1107 3 -54.2 43.24 4 0.49 1106
 1108 3 -54.46 43.69 4 0.49 1107
 1109 3 -54.53 43.84 3.94 0.49 1108
 1110 3 -54.98 44.48 3.94 0.49 1109
 1111 3 -55.75 45.34 3.84 0.49 1110
 1112 3 -55.97 45.91 3.76 0.49 1111
 1113 3 -56.42 46.56 3.76 0.49 1112
 1114 3 -56.91 47.46 3.76 0.49 1113
 1115 3 -57.39 48.49 3.71 0.49 1114
 1116 3 -57.58 48.68 3.71 0.49 1115
 1117 3 -57.63 48.96 3.71 0.49 1116
 1118 3 -57.91 49.29 3.63 0.49 1117
 1119 3 -58.33 50.05 3.63 0.49 1118
 1120 3 -58.57 50.49 3.63 0.49 1119
 1121 3 -58.83 50.96 3.63 0.49 1120
 1122 3 -58.9 51.1 3.63 0.49 1121
 1123 3 -59.31 51.48 3.63 0.49 1122
 1124 3 -59.48 51.79 3.53 0.49 1123
 1125 3 -59.69 52.36 3.53 0.49 1124
 1126 3 -60.12 53.1 3.53 0.49 1125
 1127 3 -60.25 53.53 3.53 0.49 1126
 1128 3 -60.63 54.4 3.48 0.49 1127
 1129 3 -61.86 56.29 3.48 0.49 1128
 1130 3 -62.48 57.24 3.4 0.49 1129
 1131 3 -62.87 57.61 3.4 0.49 1130
 1132 3 -63.35 58.14 3.4 0.49 1131
 1133 3 -64.27 59.42 3.3 0.49 1132
 1134 3 -64.62 59.91 3.3 0.49 1133
 1135 3 -65.48 60.92 3.3 0.49 1134
 1136 3 -66.1 61.87 3.3 0.49 1135
 1137 3 -66.85 62.73 3.3 0.49 1136
 1138 3 -67.27 63.49 3.3 0.49 1137
 1139 3 -68.02 64.46 3.3 0.49 1138
 1140 3 -68.54 65.25 3.3 0.49 1139
 1141 3 -68.89 66.24 3.25 0.49 1140
 1142 3 -69.02 66.64 3.25 0.49 1141
 1143 3 -69.29 67.49 3.25 0.49 1142
 1144 3 -69.75 68.53 3.25 0.49 1143
 1145 3 -70.15 69.78 3.25 0.49 1144
 1146 3 -70.5 70.77 3.25 0.49 1145
 1147 3 -71.45 72.32 3.25 0.49 1146
 1148 3 -72.06 73.27 3.25 0.49 1147
 1149 3 -72.44 74.13 3.25 0.49 1148
 1150 3 -72.92 75.55 3.25 0.49 1149
 1151 3 -73.26 76.54 3.25 0.49 1150
 1152 3 -73.49 77.12 3.3 0.49 1151
 1153 3 -73.63 77.92 3.3 0.49 1152
 1154 3 -73.69 79.45 3.3 0.49 1153
 1155 3 -73.84 80.27 3.3 0.49 1154
 1156 3 -74.1 82.37 3.3 0.49 1155
 1157 3 -74.25 83.17 3.4 0.49 1156
 1158 3 -74.35 83.71 3.4 0.49 1157
 1159 3 -74.73 84.97 3.48 0.49 1158
 1160 3 -74.83 85.51 3.48 0.49 1159
 1161 3 -75.17 86.5 3.53 0.49 1160
 1162 3 -75.24 87.16 3.63 0.49 1161
 1163 3 -75.39 87.96 3.63 0.49 1162
 1164 3 -75.58 89.03 3.71 0.49 1163
 1165 3 -75.69 89.56 3.76 0.49 1164
 1166 3 -76.23 90.75 3.84 0.49 1165
 1167 3 -76.65 91.5 3.94 0.49 1166
 1168 3 -76.93 92.24 3.94 0.49 1167
 1169 3 -77.07 92.65 3.94 0.49 1168
 1170 3 -77.33 93.1 4 0.49 1169
 1171 3 -77.69 93.6 4 0.49 1170
 1172 3 -77.79 94.13 4.07 0.49 1171
 1173 3 -77.96 94.43 4.07 0.49 1172
 1174 3 -78.27 95.54 4.07 0.49 1173
 1175 3 -79.21 98.24 4.23 0.49 1174
 1176 3 -79.04 98.82 4.23 0.49 1175
 1177 3 -79.16 99.75 4.23 0.49 1176
 1178 3 -79.17 100.52 4.23 0.49 1177
 1179 3 -79.37 101.2 4.23 0.49 1178
 1180 3 -79.78 102.86 4.32 0.49 1179
 1181 3 -80.05 104.07 4.38 0.49 1180
 1182 3 -80.2 104.88 4.38 0.49 1181
 1183 3 -80.37 105.19 4.46 0.49 1182
 1184 3 -80.34 105.3 4.61 0.49 1183
 1185 3 -80.56 106.25 4.61 0.49 1184
 1186 3 -80.51 107.26 4.61 0.49 1185
 1187 3 -80.54 107.65 4.69 0.49 1186
 1188 3 -80.54 108.04 4.69 0.49 1187
 1189 3 -80.55 108.42 4.69 0.49 1188
 1190 3 -80.55 109.3 4.69 0.49 1189
 1191 3 -80.57 110.08 4.76 0.49 1190
 1192 3 -80.84 110.92 4.76 0.49 1191
 1193 3 -80.14 111.97 4.76 0.49 1192
 1194 3 -80 112.44 4.76 0.49 1193
 1195 3 -79.72 113.37 4.76 0.49 1194
 1196 3 -79.67 114 4.76 0.49 1195
 1197 3 -79.72 115.16 4.84 0.49 1196
 1198 3 -79.67 116.15 4.84 0.49 1197
 1199 3 -79.57 117.39 4.84 0.49 1198
 1200 3 -79.43 117.86 4.84 0.49 1199
 1201 3 -79.46 118.63 4.9 0.49 1200
 1202 3 -79.65 119.69 4.9 0.49 1201
 1203 3 -79.51 120.17 4.98 0.49 1202
 1204 3 -79.46 120.78 4.98 0.49 1203
 1205 3 -79.44 121.28 4.98 0.49 1204
 1206 3 -79.28 122.26 4.98 0.49 1205
 1207 3 -79.28 123.15 5.07 0.49 1206
 1208 3 -79.18 123.5 5.07 0.49 1207
 1209 3 -79.12 124.11 5.07 0.49 1208
 1210 3 -79.09 124.62 5.15 0.49 1209
 1211 3 -79.04 125.24 5.15 0.49 1210
 1212 3 -79.01 126.24 5.15 0.49 1211
 1213 3 -78.85 127.58 5.23 0.49 1212
 1214 3 -78.6 128.4 5.23 0.49 1213
 1215 3 -78.53 129.15 5.23 0.49 1214
 1216 3 -78.36 129.74 5.23 0.49 1215
 1217 3 -78.01 130.9 5.23 0.49 1216
 1218 3 -77.81 131.59 5.23 0.49 1217
 1219 3 -77.57 132.41 5.23 0.49 1218
 1220 3 -77.05 133.66 5.28 0.49 1219
 1221 3 -76.77 134.21 5.28 0.49 1220
 1222 3 -76.67 134.57 5.28 0.49 1221
 1223 3 -81.72 112.31 4.76 0.49 1192
 1224 3 -81.89 113 4.76 0.49 1223
 1225 3 -82.33 113.64 4.76 0.49 1224
 1226 3 -82.68 114.25 4.84 0.49 1225
 1227 3 -82.78 114.78 4.84 0.49 1226
 1228 3 -82.9 115.21 4.84 0.49 1227
 1229 3 -82.91 115.59 4.9 0.49 1228
 1230 3 -82.95 116.35 4.9 0.49 1229
 1231 3 -83.12 116.66 4.9 0.49 1230
 1232 3 -83.12 117.04 4.98 0.49 1231
 1233 3 -83.43 117.77 4.98 0.49 1232
 1234 3 -83.75 118.37 5.07 0.49 1233
 1235 3 -84.29 119.17 5.07 0.49 1234
 1236 3 -84.25 119.29 5.07 0.49 1235
 1237 3 -84.53 119.61 5.15 0.49 1236
 1238 3 -84.66 120.05 5.15 0.49 1237
 1239 3 -84.77 120.57 5.15 0.49 1238
 1240 3 -84.9 121.01 5.15 0.49 1239
 1241 3 -85.11 121.57 5.23 0.49 1240
 1242 3 -85.21 122.11 5.23 0.49 1241
 1243 3 -85.43 123.05 5.23 0.49 1242
 1244 3 -85.5 123.33 5.23 0.49 1243
 1245 3 -85.68 123.52 5.23 0.49 1244
 1246 3 -85.73 123.78 5.23 0.49 1245
 1247 3 -86.07 124.39 5.23 0.49 1246
 1248 3 -86.68 125.34 5.28 0.49 1247
 1249 3 -87.38 126.43 5.28 0.49 1248
 1250 3 -87.44 126.71 5.28 0.49 1249
 1251 3 -87.49 126.96 5.28 0.49 1250
 1252 3 -87.96 127.99 5.28 0.49 1251
 1253 3 -88.65 129.09 5.28 0.49 1252
 1254 3 -88.94 129.44 5.28 0.49 1253
 1255 3 -52.07 35.24 4 0.49 1094
 1256 3 -52.19 35.28 4 0.49 1255
 1257 3 -52.82 35.72 4 0.49 1256
 1258 3 -53.03 35.91 4 0.49 1257
 1259 3 -53.54 36.32 4 0.49 1258
 1260 3 -53.78 36.39 4 0.49 1259
 1261 3 -54.54 36.87 4 0.49 1260
 1262 3 -54.85 37.08 4 0.49 1261
 1263 3 -55.33 37.22 4 0.49 1262
 1264 3 -55.64 37.44 4 0.49 1263
 1265 3 -56.27 37.88 4 0.49 1264
 1266 3 -56.72 38.14 4 0.49 1265
 1267 3 -56.92 38.33 4 0.49 1266
 1268 3 -57.71 38.69 3.94 0.49 1267
 1269 3 -58.18 38.83 3.94 0.49 1268
 1270 3 -58.3 38.86 3.84 0.49 1269
 1271 3 -58.61 39.09 3.84 0.49 1270
 1272 3 -59.25 39.52 3.84 0.49 1271
 1273 3 -59.45 39.72 3.76 0.49 1272
 1274 3 -59.77 39.94 3.71 0.49 1273
 1275 3 -59.96 40.12 3.63 0.49 1274
 1276 3 -60.13 40.42 3.63 0.49 1275
 1277 3 -60.33 40.6 3.53 0.49 1276
 1278 3 -60.65 40.83 3.53 0.49 1277
 1279 3 -61.15 41.36 3.53 0.49 1278
 1280 3 -61.67 41.76 3.48 0.49 1279
 1281 3 -61.82 42.06 3.48 0.49 1280
 1282 3 -62.06 42.13 3.48 0.49 1281
 1283 3 -62.91 43.16 3.4 0.49 1282
 1284 3 -63.4 43.66 3.4 0.49 1283
 1285 3 -64 44.24 3.3 0.49 1284
 1286 3 -64.56 44.91 3.3 0.49 1285
 1287 3 -64.8 44.98 3.25 0.49 1286
 1288 3 -65.23 45.23 3.25 0.49 1287
 1289 3 -65.9 45.56 3.17 0.49 1288
 1290 3 -66.31 45.93 3.17 0.49 1289
 1291 3 -66.42 45.96 3.09 0.49 1290
 1292 3 -66.7 46.3 3.01 0.49 1291
 1293 3 -67.43 46.89 3.01 0.49 1292
 1294 3 -68.08 47.34 2.94 0.49 1293
 1295 3 -68.39 47.56 2.94 0.49 1294
 1296 3 -69.03 48 2.94 0.49 1295
 1297 3 -70.41 50.32 2.88 0.49 1296
 1298 3 -71.38 50.86 2.88 0.49 1297
 1299 3 -72.86 51.93 2.88 0.49 1298
 1300 3 -73.06 52.12 2.78 0.49 1299
 1301 3 -73.31 52.57 2.73 0.49 1300
 1302 3 -73.84 52.99 2.73 0.49 1301
 1303 3 -74.47 53.43 2.73 0.49 1302
 1304 3 -74.57 53.57 2.65 0.49 1303
 1305 3 -74.84 53.91 2.65 0.49 1304
 1306 3 -75.33 54.44 2.55 0.49 1305
 1307 3 -75.53 54.62 2.5 0.49 1306
 1308 3 -75.74 54.8 2.5 0.49 1307
 1309 3 -76.12 55.18 2.42 0.49 1308
 1310 3 -76.57 55.44 2.42 0.49 1309
 1311 3 -76.84 55.77 2.42 0.49 1310
 1312 3 -76.84 55.77 2.25 0.49 1311
 1313 3 -77.68 56.4 2.19 0.49 1312
 1314 3 -77.81 56.81 2.19 0.49 1313
 1315 3 -77.87 57.48 2.09 0.49 1314
 1316 3 -77.85 57.98 2.09 0.49 1315
 1317 3 -77.88 58.35 2.09 0.49 1316
 1318 3 -77.84 58.49 2.01 0.49 1317
 1319 3 -77.82 58.97 2.01 0.49 1318
 1320 3 -77.8 59.48 1.96 0.49 1319
 1321 3 -78.02 60.44 1.96 0.49 1320
 1322 3 -78.54 61.73 1.87 0.49 1321
 1323 3 -78.8 62.19 1.87 0.49 1322
 1324 3 -79.05 62.65 1.87 0.49 1323
 1325 3 -79.18 63.05 1.87 0.49 1324
 1326 3 -79.48 64.18 1.82 0.49 1325
 1327 3 -79.73 65.01 1.82 0.49 1326
 1328 3 -18.48 16.06 1.73 0.615 1018
 1329 3 -19.09 16.1 1.82 0.615 1328
 1330 3 -19.21 16.14 1.82 0.615 1329
 1331 3 -19.48 16.09 1.87 0.615 1330
 1332 3 -19.98 15.73 1.96 0.615 1331
 1333 3 -20.13 15.64 2.01 0.615 1332
 1334 3 -20.47 15.36 2.09 0.615 1333
 1335 3 -20.74 15.32 2.19 0.615 1334
 1336 3 -21.16 15.18 2.19 0.615 1335
 1337 3 -21.31 15.11 2.19 0.615 1336
 1338 3 -21.55 15.18 2.25 0.615 1337
 1339 3 -21.67 15.22 2.25 0.615 1338
 1340 3 -22.05 15.19 2.25 0.615 1339
 1341 3 -22.52 15.33 2.32 0.615 1340
 1342 3 -22.91 15.33 2.32 0.615 1341
 1343 3 -23.21 15.16 2.42 0.615 1342
 1344 3 -23.79 14.96 2.42 0.615 1343
 1345 3 -24.1 14.79 2.42 0.615 1344
 1346 3 -24.4 14.62 2.5 0.615 1345
 1347 3 -24.55 14.55 2.5 0.615 1346
 1348 3 -24.86 14.38 2.55 0.615 1347
 1349 3 -25 14.28 2.65 0.615 1348
 1350 3 -25.4 14.28 2.65 0.615 1349
 1351 3 -25.51 14.31 2.65 0.615 1350
 1352 3 -25.82 14.15 2.73 0.615 1351
 1353 3 -26.2 14.14 2.73 0.615 1352
 1354 3 -26.33 14.17 2.78 0.615 1353
 1355 3 -26.43 14.21 2.78 0.615 1354
 1356 3 -26.89 13.97 2.88 0.615 1355
 1357 3 -27.05 13.88 2.88 0.615 1356
 1358 3 -27.2 13.81 2.94 0.615 1357
 1359 3 -27.43 13.87 2.94 0.615 1358
 1360 3 -27.55 13.91 2.94 0.615 1359
 1361 3 -27.82 13.87 3.01 0.615 1360
 1362 3 -28.18 13.97 3.01 0.615 1361
 1363 3 -28.32 13.88 3.01 0.615 1362
 1364 3 -28.56 13.95 3.09 0.615 1363
 1365 3 -28.8 14.02 3.09 0.615 1364
 1366 3 -29.22 13.88 3.09 0.615 1365
 1367 3 -29.48 13.85 3.17 0.615 1366
 1368 3 -30.07 14.02 3.17 0.615 1367
 1369 3 -31.06 14.18 3.25 0.615 1368
 1370 3 -31.29 14.25 3.25 0.615 1369
 1371 3 -31.53 14.32 3.25 0.615 1370
 1372 3 -31.77 14.39 3.3 0.615 1371
 1373 3 -32.11 14.49 3.3 0.615 1372
 1374 3 -33.18 14.8 3.4 0.615 1373
 1375 3 -34.76 15.03 3.48 0.49 1374
 1376 3 -35 15.1 3.48 0.49 1375
 1377 3 -36.05 15.41 3.48 0.49 1376
 1378 3 -36.77 15.63 3.53 0.49 1377
 1379 3 -37.6 15.87 3.53 0.49 1378
 1380 3 -37.7 15.9 3.63 0.49 1379
 1381 3 -38.29 16.07 3.63 0.49 1380
 1382 3 -38.65 16.18 3.63 0.49 1381
 1383 3 -38.89 16.25 3.71 0.49 1382
 1384 3 -40.06 16.6 3.71 0.49 1383
 1385 3 -40.18 16.63 3.71 0.49 1384
 1386 3 -40.3 16.67 3.76 0.49 1385
 1387 3 -40.99 16.87 3.76 0.49 1386
 1388 3 -42.18 17.23 3.76 0.49 1387
 1389 3 -42.88 17.43 3.84 0.49 1388
 1390 3 -43.47 17.61 3.84 0.49 1389
 1391 3 -44.06 17.78 3.84 0.49 1390
 1392 3 -44.3 17.85 3.84 0.49 1391
 1393 3 -44.66 17.96 3.84 0.49 1392
 1394 3 -45.31 18.27 3.94 0.49 1393
 1395 3 -46.31 18.82 3.94 0.49 1394
 1396 3 -47.19 19.33 3.94 0.49 1395
 1397 3 -47.81 19.78 3.94 0.49 1396
 1398 3 -49.14 20.54 4 0.49 1397
 1399 3 -49.57 20.78 4 0.49 1398
 1400 3 -50.15 20.96 4 0.49 1399
 1401 3 -50.51 21.07 4 0.49 1400
 1402 3 -50.74 21.13 4 0.49 1401
 1403 3 -51.21 21.27 4 0.49 1402
 1404 3 -52 21.65 4.07 0.49 1403
 1405 3 -52.52 22.04 4.07 0.49 1404
 1406 3 -53.24 22.63 4.07 0.49 1405
 1407 3 -54.01 23.51 4.07 0.49 1406
 1408 3 -54.32 23.72 4.07 0.49 1407
 1409 3 -54.76 23.99 4.15 0.49 1408
 1410 3 -55.55 24.35 4.15 0.49 1409
 1411 3 -56.19 24.79 4.15 0.49 1410
 1412 3 -56.98 25.15 4.15 0.49 1411
 1413 3 -57.1 25.18 4.15 0.49 1412
 1414 3 -57.52 25.44 4.15 0.49 1413
 1415 3 -58.1 26.1 4.15 0.49 1414
 1416 3 -58.58 26.63 4.15 0.49 1415
 1417 3 -59.34 27.49 4.15 0.49 1416
 1418 3 -60.06 28.09 4.15 0.49 1417
 1419 3 -60.82 28.57 4.23 0.49 1418
 1420 3 -61.26 28.83 4.23 0.49 1419
 1421 3 -61.94 29.15 4.23 0.49 1420
 1422 3 -62.09 29.44 4.23 0.49 1421
 1423 3 -63.4 30.22 4.23 0.49 1422
 1424 3 -64.51 30.79 4.32 0.49 1423
 1425 3 -64.88 30.9 4.32 0.49 1424
 1426 3 -65.22 31 4.32 0.49 1425
 1427 3 7.83 1.54 0 1.9 1
 1428 3 8.58 2.32 0 1.9 1427
 1429 3 9.49 2.82 0 1.9 1428
 1430 3 12.31 4.19 -0.07 0.86 1429
 1431 3 12.45 4.15 -0.07 0.86 1430
 1432 3 12.63 4.33 -0.07 0.86 1431
 1433 3 12.66 4.46 -0.07 0.86 1432
 1434 3 12.7 4.57 0 0.86 1433
 1435 3 12.73 4.7 0 0.86 1434
 1436 3 13.03 4.85 0.07 0.86 1435
 1437 3 13.18 4.94 0.14 0.86 1436
 1438 3 13.45 4.99 0.14 0.86 1437
 1439 3 13.48 5.11 0.23 0.86 1438
 1440 3 14.05 5.32 0.23 0.86 1439
 1441 3 14.32 5.35 0.3 0.86 1440
 1442 3 14.47 5.46 0.3 0.86 1441
 1443 3 14.63 5.52 0.37 0.86 1442
 1444 3 14.78 5.61 0.37 0.86 1443
 1445 3 14.81 5.73 0.37 0.86 1444
 1446 3 15.08 6.16 0.43 0.86 1445
 1447 3 15.22 6.23 0.51 0.86 1446
 1448 3 15.42 6.44 0.51 0.86 1447
 1449 3 15.6 6.64 0.51 0.86 1448
 1450 3 15.75 6.71 0.6 0.86 1449
 1451 3 16.06 6.88 0.6 0.86 1450
 1452 3 16.35 7.06 0.6 0.86 1451
 1453 3 16.51 7.13 0.68 0.86 1452
 1454 3 16.69 7.33 0.68 0.86 1453
 1455 3 16.89 7.54 0.68 0.86 1454
 1456 3 17.17 7.69 0.68 0.86 1455
 1457 3 17.56 7.7 0.75 0.86 1456
 1458 3 17.72 7.79 0.75 0.86 1457
 1459 3 17.76 7.89 0.75 0.86 1458
 1460 3 18.07 8.06 0.75 0.86 1459
 1461 3 18.1 8.18 0.75 0.86 1460
 1462 3 18.38 8.23 0.75 0.86 1461
 1463 3 18.79 8.35 0.81 0.86 1462
 1464 3 19.17 8.38 0.81 0.86 1463
 1465 3 19.32 8.45 0.81 0.86 1464
 1466 3 18.98 10.88 0.91 0.55 1465
 1467 3 18.9 11.02 0.91 0.55 1466
 1468 3 18.97 11.26 1.04 0.55 1467
 1469 3 19 11.37 1.04 0.55 1468
 1470 3 18.95 11.65 1.12 0.55 1469
 1471 3 18.8 12.44 1.2 0.55 1470
 1472 3 18.46 13.43 1.36 0.55 1471
 1473 3 18.2 14.28 1.36 0.55 1472
 1474 3 18.04 14.59 1.41 0.55 1473
 1475 3 17.55 15.1 1.41 0.55 1474
 1476 3 17.46 15.26 1.41 0.55 1475
 1477 3 17.36 15.29 1.5 0.55 1476
 1478 3 16.85 15.81 1.64 0.55 1477
 1479 3 16.6 16.27 1.64 0.55 1478
 1480 3 16.52 16.41 1.64 0.55 1479
 1481 3 16.13 16.79 1.73 0.55 1480
 1482 3 15.82 17.01 1.73 0.55 1481
 1483 3 15.27 17.3 1.82 0.55 1482
 1484 3 14.94 17.53 1.82 0.55 1483
 1485 3 14.55 17.9 1.87 0.55 1484
 1486 3 14.44 17.94 1.96 0.55 1485
 1487 3 14.2 18.01 1.96 0.55 1486
 1488 3 14.1 18.15 1.96 0.55 1487
 1489 3 13.71 18.53 2.01 0.55 1488
 1490 3 13.43 18.87 2.01 0.55 1489
 1491 3 12.83 19.42 2.09 0.55 1490
 1492 3 11.71 20.38 2.09 0.55 1491
 1493 3 11.39 20.61 2.19 0.55 1492
 1494 3 11.28 20.64 2.19 0.55 1493
 1495 3 10.83 20.89 2.25 0.55 1494
 1496 3 10.19 21.34 2.32 0.55 1495
 1497 3 9.55 21.79 2.32 0.55 1496
 1498 3 9.14 22.15 2.42 0.55 1497
 1499 3 8.23 22.94 2.42 0.55 1498
 1500 3 7.69 23.22 2.42 0.55 1499
 1501 3 6.57 23.81 2.42 0.55 1500
 1502 3 6.06 24.22 2.5 0.55 1501
 1503 3 5.62 24.48 2.55 0.55 1502
 1504 3 5.18 24.72 2.55 0.55 1503
 1505 3 3.94 25.73 2.65 0.55 1504
 1506 3 3.22 26.32 2.65 0.55 1505
 1507 3 3.14 26.48 2.65 0.55 1506
 1508 3 2.54 27.02 2.65 0.55 1507
 1509 3 2.26 27.37 2.73 0.55 1508
 1510 3 1.73 27.77 2.73 0.55 1509
 1511 3 1.05 28.49 2.78 0.55 1510
 1512 3 0.71 29.11 2.78 0.55 1511
 1513 3 0.18 30.28 2.78 0.55 1512
 1514 3 -0.31 31.19 2.88 0.55 1513
 1515 3 -0.35 31.45 2.88 0.55 1514
 1516 3 -0.72 31.96 2.94 0.55 1515
 1517 3 -1.27 33.12 2.94 0.55 1516
 1518 3 -1.67 33.5 3.01 0.55 1517
 1519 3 -2.01 34.1 3.01 0.55 1518
 1520 3 -2.43 34.86 3.09 0.55 1519
 1521 3 -2.92 35.77 3.17 0.55 1520
 1522 3 -3.06 36.2 3.17 0.55 1521
 1523 3 -3.27 36.75 3.17 0.55 1522
 1524 3 -3.98 38.25 3.25 0.55 1523
 1525 3 -4.64 39.07 3.25 0.55 1524
 1526 3 -5.25 40.01 3.3 0.55 1525
 1527 3 -5.95 41.1 3.3 0.55 1526
 1528 3 -6.11 41.41 3.3 0.55 1527
 1529 3 -6.44 42.02 3.3 0.55 1528
 1530 3 -7.25 43.65 3.4 0.55 1529
 1531 3 -7.57 44.26 3.4 0.55 1530
 1532 3 -8.32 45.63 3.4 0.55 1531
 1533 3 -8.82 46.53 3.4 0.55 1532
 1534 3 -9.11 46.87 3.48 0.55 1533
 1535 3 -9.18 47.02 3.48 0.55 1534
 1536 3 -9.65 47.66 3.53 0.55 1535
 1537 3 -10.17 48.44 3.53 0.55 1536
 1538 3 -10.84 49.65 3.63 0.55 1537
 1539 3 -11.13 50 3.63 0.55 1538
 1540 3 -11.34 50.56 3.71 0.55 1539
 1541 3 -11.54 50.75 3.71 0.55 1540
 1542 3 -12.14 51.32 3.71 0.55 1541
 1543 3 -12.39 51.77 3.71 0.55 1542
 1544 3 -12.55 52.08 3.76 0.55 1543
 1545 3 -12.69 52.88 3.84 0.55 1544
 1546 3 -13.14 54.02 3.84 0.55 1545
 1547 3 -13.48 55 3.94 0.55 1546
 1548 3 -13.78 55.73 4 0.55 1547
 1549 3 -13.98 56.3 4 0.55 1548
 1550 3 -14.36 57.68 4.07 0.55 1549
 1551 3 -14.57 58.24 4.07 0.55 1550
 1552 3 -14.77 58.45 4.15 0.55 1551
 1553 3 -14.84 59.09 4.15 0.55 1552
 1554 3 -15.14 59.81 4.23 0.55 1553
 1555 3 -15.48 60.81 4.23 0.55 1554
 1556 3 -15.62 61.23 4.23 0.55 1555
 1557 3 -15.73 61.64 4.32 0.55 1556
 1558 3 -15.92 62.34 4.32 0.55 1557
 1559 3 -16.13 62.89 4.32 0.55 1558
 1560 3 -16.84 64 4.38 0.55 1559
 1561 3 -15.99 66.91 4.38 0.55 1560
 1562 3 -16.09 67.44 4.38 0.55 1561
 1563 3 -16.4 68.55 4.46 0.55 1562
 1564 3 -17.05 70.27 4.46 0.55 1563
 1565 3 -17.56 71.55 4.53 0.55 1564
 1566 3 -17.97 72.31 4.53 0.55 1565
 1567 3 -18.25 73.53 4.61 0.55 1566
 1568 3 -18.58 74.15 4.69 0.55 1567
 1569 3 -19.2 75.47 4.69 0.55 1568
 1570 3 -20.08 76.87 4.69 0.55 1569
 1571 3 -20.77 77.97 4.69 0.55 1570
 1572 3 -21.19 78.72 4.76 0.55 1571
 1573 3 -21.68 79.26 4.76 0.55 1572
 1574 3 -22.2 80.04 4.84 0.55 1573
 1575 3 -22.78 80.72 4.84 0.55 1574
 1576 3 -23.29 81.63 4.9 0.55 1575
 1577 3 -23.64 82.12 4.9 0.55 1576
 1578 3 -24.09 82.76 4.9 0.55 1577
 1579 3 -24.63 83.55 4.98 0.55 1578
 1580 3 -25.38 84.91 5.07 0.55 1579
 1581 3 -26.61 86.8 5.07 0.55 1580
 1582 3 -27.43 87.93 5.15 0.55 1581
 1583 3 -28.41 89.37 5.15 0.55 1582
 1584 3 -29.22 90.49 5.23 0.55 1583
 1585 3 -29.8 91.17 5.23 0.55 1584
 1586 3 -30.21 91.93 5.23 0.55 1585
 1587 3 -30.92 93.03 5.28 0.55 1586
 1588 3 -32.13 94.91 5.36 0.55 1587
 1589 3 -32.44 95.64 5.36 0.55 1588
 1590 3 -33.07 96.97 5.44 0.55 1589
 1591 3 -34.12 99.05 5.44 0.55 1590
 1592 3 -34.86 100.41 5.53 0.55 1591
 1593 3 -35.37 101.33 5.53 0.55 1592
 1594 3 -36.06 102.41 5.61 0.55 1593
 1595 3 -37.85 104.6 5.61 0.55 1594
 1596 3 -38.23 105.47 5.61 0.55 1595
 1597 3 -38.94 106.57 5.67 0.55 1596
 1598 3 -39.22 107.29 5.67 0.55 1597
 1599 3 -40.15 108.46 5.67 0.55 1598
 1600 3 -40.74 109.13 5.76 0.55 1599
 1601 3 -41.87 110.87 5.82 0.55 1600
 1602 3 -42.29 111.62 5.82 0.55 1601
 1603 3 -43.07 112.49 5.82 0.55 1602
 1604 3 -43.63 113.17 5.9 0.55 1603
 1605 3 -44.59 114.21 5.9 0.55 1604
 1606 3 -45.1 114.73 5.98 0.55 1605
 1607 3 -46.86 116.54 5.98 0.55 1606
 1608 3 -47.81 119.3 6.05 0.55 1607
 1609 3 -48.01 119.49 6.05 0.55 1608
 1610 3 -48.14 119.91 6.05 0.55 1609
 1611 3 -49.42 122.07 6.05 0.55 1610
 1612 3 -50.85 124.14 6.05 0.55 1611
 1613 3 -52.07 125.65 6.13 0.55 1612
 1614 3 -52.53 126.27 6.13 0.55 1613
 1615 3 -53.01 127.19 6.19 0.55 1614
 1616 3 -53.52 128.1 6.19 0.55 1615
 1617 3 -54.43 129.76 6.28 0.55 1616
 1618 3 -54.51 129.93 6.28 0.55 1617
 1619 3 -55.03 131.21 6.28 0.55 1618
 1620 3 -55.45 133.25 6.28 0.55 1619
 1621 3 -55.59 134.04 6.28 0.55 1620
 1622 3 -55.82 134.63 6.36 0.55 1621
 1623 3 -56 135.31 6.36 0.55 1622
 1624 3 -56.31 136.42 6.36 0.55 1623
 1625 3 -56.52 136.98 6.36 0.55 1624
 1626 3 -57.72 138.99 6.44 0.55 1625
 1627 3 -58.16 139.64 6.44 0.55 1626
 1628 3 -59.34 141.25 6.44 0.55 1627
 1629 3 -60.05 142.35 6.44 0.55 1628
 1630 3 -60.92 143.75 6.51 0.55 1629
 1631 3 -61.3 144.62 6.51 0.55 1630
 1632 3 -61.88 145.68 6.51 0.55 1631
 1633 3 -63.27 147.86 6.51 0.55 1632
 1634 3 -63.82 149.04 6.51 0.55 1633
 1635 3 -63.94 149.97 6.51 0.55 1634
 1636 3 -64.04 150.5 6.51 0.55 1635
 1637 3 20.26 9.46 0.81 0.675 1465
 1638 3 20.72 9.7 0.81 0.675 1637
 1639 3 20.91 9.88 0.91 0.675 1638
 1640 3 21.41 10.26 0.91 0.675 1639
 1641 3 21.44 10.36 0.91 0.675 1640
 1642 3 21.74 10.53 0.97 0.675 1641
 1643 3 21.77 10.65 0.97 0.675 1642
 1644 3 22.5 10.95 1.04 0.675 1643
 1645 3 22.61 10.92 1.04 0.675 1644
 1646 3 22.76 10.99 1.12 0.675 1645
 1647 3 23.34 11.2 1.2 0.675 1646
 1648 3 23.76 11.33 1.2 0.675 1647
 1649 3 24.57 11.48 1.2 0.675 1648
 1650 3 24.7 11.44 1.2 0.675 1649
 1651 3 24.83 11.52 1.27 0.675 1650
 1652 3 24.87 11.63 1.27 0.675 1651
 1653 3 25.14 11.68 1.27 0.675 1652
 1654 3 25.6 11.93 1.27 0.675 1653
 1655 3 25.98 12.33 1.27 0.675 1654
 1656 3 26.16 12.52 1.27 0.675 1655
 1657 3 26.77 12.86 1.27 0.675 1656
 1658 3 27.63 14.88 1.27 0.615 1657
 1659 3 27.77 15.36 1.27 0.615 1658
 1660 3 28.38 16.58 1.27 0.615 1659
 1661 3 28.48 16.91 1.27 0.615 1660
 1662 3 28.9 17.43 1.27 0.615 1661
 1663 3 29.04 17.91 1.2 0.615 1662
 1664 3 29.1 18.13 1.2 0.615 1663
 1665 3 29.28 18.71 1.12 0.615 1664
 1666 3 29.41 19.18 1.12 0.615 1665
 1667 3 29.45 19.31 1.12 0.615 1666
 1668 3 29.52 19.54 1.04 0.615 1667
 1669 3 29.83 20.21 0.97 0.615 1668
 1670 3 30.03 20.41 0.97 0.615 1669
 1671 3 30.28 20.82 0.91 0.615 1670
 1672 3 30.65 21.23 0.91 0.615 1671
 1673 3 31.13 21.97 0.91 0.615 1672
 1674 3 31.2 22.21 0.81 0.615 1673
 1675 3 31.61 22.72 0.81 0.615 1674
 1676 3 32.22 23.05 0.81 0.615 1675
 1677 3 32.59 23.45 0.81 0.615 1676
 1678 3 33.08 23.81 0.75 0.615 1677
 1679 3 33.57 24.18 0.75 0.615 1678
 1680 3 34.07 24.54 0.68 0.615 1679
 1681 3 34.36 25.08 0.68 0.615 1680
 1682 3 34.65 25.25 0.68 0.615 1681
 1683 3 35.26 25.59 0.6 0.615 1682
 1684 3 35.94 26.14 0.6 0.615 1683
 1685 3 36.12 26.72 0.6 0.615 1684
 1686 3 36.19 26.96 0.6 0.615 1685
 1687 3 36.91 27.26 0.51 0.615 1686
 1688 3 37.36 27.88 0.51 0.615 1687
 1689 3 37.53 28.47 0.51 0.615 1688
 1690 3 37.81 29.02 0.43 0.615 1689
 1691 3 38.05 29.33 0.43 0.615 1690
 1692 3 38.4 29.73 0.43 0.615 1691
 1693 3 39.16 30.15 0.37 0.615 1692
 1694 3 39.78 30.47 0.37 0.615 1693
 1695 3 40.27 30.83 0.3 0.615 1694
 1696 3 40.88 31.16 0.3 0.615 1695
 1697 3 41.26 31.55 0.23 0.615 1696
 1698 3 41.72 31.8 0.23 0.615 1697
 1699 3 42.16 32.04 0.14 0.615 1698
 1700 3 43.13 32.26 0.14 0.615 1699
 1701 3 43.44 32.43 0.14 0.615 1700
 1702 3 44.11 32.6 0.07 0.615 1701
 1703 3 44.42 32.76 0.07 0.615 1702
 1704 3 45.07 33.2 0.07 0.615 1703
 1705 3 45.32 33.65 0 0.615 1704
 1706 3 45.63 33.81 0 0.615 1705
 1707 3 46.19 34.4 0 0.615 1706
 1708 3 47.45 35.17 -0.07 0.615 1707
 1709 3 47.99 35.77 -0.07 0.615 1708
 1710 3 48.61 36.1 -0.14 0.615 1709
 1711 3 49.09 36.47 -0.14 0.615 1710
 1712 3 49.76 36.51 -0.23 0.615 1711
 1713 3 50.13 36.53 -0.23 0.615 1712
 1714 3 51.06 36.64 -0.3 0.615 1713
 1715 3 51.75 37.21 -0.37 0.615 1714
 1716 3 52.31 37.41 -0.37 0.615 1715
 1717 3 53.17 37.67 -0.37 0.615 1716
 1718 3 53.93 38.08 -0.43 0.615 1717
 1719 3 54.76 38.33 -0.43 0.615 1718
 1720 3 55.94 39.27 -0.51 0.615 1719
 1721 3 56.22 39.81 -0.51 0.615 1720
 1722 3 56.7 40.95 -0.51 0.615 1721
 1723 3 56.95 41.39 -0.61 0.615 1722
 1724 3 58.06 42.57 -0.61 0.615 1723
 1725 3 58.29 42.88 -0.61 0.615 1724
 1726 3 58.98 43.96 -0.67 0.615 1725
 1727 3 59.15 44.54 -0.67 0.615 1726
 1728 3 59.96 45.94 -0.75 0.615 1727
 1729 3 60.11 46.42 -0.75 0.615 1728
 1730 3 61.36 48.08 -0.81 0.49 1729
 1731 3 61.87 49.83 -0.81 0.49 1730
 1732 3 62.15 50.77 -0.81 0.49 1731
 1733 3 62.39 51.57 -0.81 0.49 1732
 1734 3 62.81 52.98 -0.88 0.49 1733
 1735 3 63.22 54.38 -0.88 0.49 1734
 1736 3 63.49 55.3 -0.88 0.49 1735
 1737 3 64.29 57.1 -0.88 0.49 1736
 1738 3 64.8 57.97 -0.99 0.49 1737
 1739 3 64.95 58.06 -0.99 0.49 1738
 1740 3 65.96 58.9 -0.99 0.49 1739
 1741 3 66.1 59.37 -0.99 0.49 1740
 1742 3 66.24 59.83 -0.99 0.49 1741
 1743 3 66.31 60.06 -0.99 0.49 1742
 1744 3 66.69 61.35 -0.99 0.49 1743
 1745 3 66.93 62.16 -1.04 0.49 1744
 1746 3 67.52 64.14 -1.04 0.49 1745
 1747 3 67.86 65.32 -1.04 0.49 1746
 1748 3 67.88 65.82 -1.12 0.49 1747
 1749 3 67.83 66.09 -1.12 0.49 1748
 1750 3 67.78 67.63 -1.12 0.49 1749
 1751 3 67.84 68.25 -1.2 0.49 1750
 1752 3 68.22 69.53 -1.2 0.49 1751
 1753 3 68.46 70.34 -1.2 0.49 1752
 1754 3 27.93 12.89 1.36 0.615 1657
 1755 3 29.35 13.36 1.41 0.615 1754
 1756 3 29.39 13.49 1.41 0.615 1755
 1757 3 30.23 13.74 1.5 0.615 1756
 1758 3 30.23 13.74 1.64 0.615 1757
 1759 3 30.99 14.15 1.73 0.615 1758
 1760 3 31.1 14.5 1.73 0.615 1759
 1761 3 31.29 14.69 1.82 0.615 1760
 1762 3 31.47 14.89 1.82 0.615 1761
 1763 3 31.77 15.05 1.87 0.615 1762
 1764 3 31.88 15.41 1.87 0.615 1763
 1765 3 32.19 15.58 1.87 0.615 1764
 1766 3 32.67 15.94 1.87 0.615 1765
 1767 3 33.25 16.14 1.96 0.615 1766
 1768 3 33.46 16.47 1.96 0.615 1767
 1769 3 34.01 16.55 1.96 0.615 1768
 1770 3 34.66 16.62 2.01 0.615 1769
 1771 3 35.19 16.72 2.09 0.615 1770
 1772 3 35.61 16.84 2.09 0.615 1771
 1773 3 36.47 17.1 2.09 0.615 1772
 1774 3 36.92 17.35 2.09 0.615 1773
 1775 3 37.12 17.55 2.19 0.615 1774
 1776 3 37.61 17.52 2.19 0.615 1775
 1777 3 38.16 17.61 2.25 0.615 1776
 1778 3 38.58 17.74 2.25 0.615 1777
 1779 3 39.27 17.92 2.32 0.615 1778
 1780 3 39.87 18.25 2.32 0.615 1779
 1781 3 40.45 18.46 2.32 0.615 1780
 1782 3 40.8 18.74 2.32 0.615 1781
 1783 3 41.29 18.72 2.32 0.615 1782
 1784 3 41.94 19.17 2.42 0.615 1783
 1785 3 43.09 19.2 2.42 0.615 1784
 1786 3 43.52 19.33 2.5 0.615 1785
 1787 3 44.95 19.42 2.5 0.615 1786
 1788 3 45.81 19.67 2.5 0.615 1787
 1789 3 46.49 19.85 2.55 0.615 1788
 1790 3 46.68 20.04 2.55 0.615 1789
 1791 3 47.57 20.04 2.55 0.615 1790
 1792 3 48.03 20.28 2.55 0.615 1791
 1793 3 49.38 20.53 2.55 0.615 1792
 1794 3 50.03 20.96 2.65 0.615 1793
 1795 3 50.71 21.15 2.65 0.615 1794
 1796 3 51.46 21.55 2.65 0.615 1795
 1797 3 52.73 21.94 2.65 0.615 1796
 1798 3 53.42 22.49 2.65 0.615 1797
 1799 3 53.87 22.74 2.73 0.615 1798
 1800 3 54.37 23.11 2.73 0.615 1799
 1801 3 54.76 23.62 2.78 0.615 1800
 1802 3 55.3 24.09 2.78 0.615 1801
 1803 3 56.16 24.48 2.78 0.615 1802
 1804 3 57.12 25.08 2.78 0.615 1803
 1805 3 57.43 25.25 2.78 0.615 1804
 1806 3 57.97 25.35 2.78 0.615 1805
 1807 3 58.49 25.82 2.88 0.615 1806
 1808 3 58.97 26.18 2.88 0.615 1807
 1809 3 59.71 26.48 2.88 0.615 1808
 1810 3 60.39 26.65 2.94 0.615 1809
 1811 3 63.91 26.88 2.94 0.615 1810
 1812 3 63.95 26.99 2.94 0.615 1811
 1813 3 10.89 4.95 0 1.225 1429
 1814 3 11.02 5.4 -0.07 1.225 1813
 1815 3 11.23 6.11 -0.14 1.225 1814
 1816 3 11.41 6.7 -0.23 1.225 1815
 1817 3 11.65 7.51 -0.3 1.225 1816
 1818 3 11.92 8.44 -0.37 1.225 1817
 1819 3 12.13 9.14 -0.43 1.225 1818
 1820 3 12.17 9.27 -0.43 1.225 1819
 1821 3 12.34 9.85 -0.51 1.225 1820
 1822 3 12.13 12.62 -0.37 0.55 1821
 1823 3 12.33 13.31 -0.37 0.55 1822
 1824 3 12.26 14.36 -0.37 0.55 1823
 1825 3 12.13 14.77 -0.37 0.55 1824
 1826 3 11.85 15.99 -0.37 0.55 1825
 1827 3 11.81 16.26 -0.43 0.55 1826
 1828 3 11.56 16.72 -0.43 0.55 1827
 1829 3 11.45 17.26 -0.51 0.55 1828
 1830 3 11.47 17.76 -0.61 0.55 1829
 1831 3 11.41 18.41 -0.61 0.55 1830
 1832 3 11.37 19.18 -0.61 0.55 1831
 1833 3 11.32 19.83 -0.67 0.55 1832
 1834 3 11.05 21.07 -0.67 0.55 1833
 1835 3 10.91 21.87 -0.67 0.55 1834
 1836 3 10.85 23.02 -0.75 0.55 1835
 1837 3 10.82 23.79 -0.75 0.55 1836
 1838 3 10.87 24.8 -0.81 0.55 1837
 1839 3 10.87 25.68 -0.81 0.55 1838
 1840 3 10.84 26.46 -0.81 0.55 1839
 1841 3 10.83 26.83 -0.81 0.55 1840
 1842 3 10.95 27.69 -0.81 0.55 1841
 1843 3 10.95 28.96 -0.88 0.55 1842
 1844 3 10.93 29.74 -0.88 0.55 1843
 1845 3 10.74 30.42 -0.88 0.55 1844
 1846 3 10.66 30.58 -0.88 0.55 1845
 1847 3 10.55 31.1 -0.88 0.55 1846
 1848 3 10.45 32.04 -0.88 0.55 1847
 1849 3 10.2 33.36 -0.88 0.55 1848
 1850 3 10.16 33.63 -0.88 0.55 1849
 1851 3 10.06 34.16 -0.88 0.55 1850
 1852 3 10.03 34.95 -0.81 0.55 1851
 1853 3 10.13 36.19 -0.81 0.55 1852
 1854 3 10.3 37.15 -0.75 0.55 1853
 1855 3 10.48 37.74 -0.67 0.55 1854
 1856 3 10.45 38.11 -0.61 0.55 1855
 1857 3 10.41 38.39 -0.61 0.55 1856
 1858 3 10.32 38.92 -0.51 0.55 1857
 1859 3 9.95 39.91 -0.51 0.55 1858
 1860 3 9.76 40.48 -0.43 0.55 1859
 1861 3 9.66 41.02 -0.43 0.55 1860
 1862 3 9.53 41.93 -0.3 0.55 1861
 1863 3 9.19 42.92 -0.3 0.55 1862
 1864 3 8.85 43.53 -0.23 0.55 1863
 1865 3 8.65 44.11 -0.23 0.55 1864
 1866 3 8.08 45.67 -0.14 0.55 1865
 1867 3 7.42 46.89 -0.14 0.55 1866
 1868 3 7.23 47.57 -0.07 0.55 1867
 1869 3 6.82 48.32 -0.07 0.55 1868
 1870 3 6.65 48.63 -0.07 0.55 1869
 1871 3 6.39 49.46 -0.07 0.55 1870
 1872 3 6.17 50.04 0 0.55 1871
 1873 3 6.05 50.46 0.07 0.55 1872
 1874 3 5.61 51.99 0.23 0.55 1873
 1875 3 5.6 53.26 0.23 0.55 1874
 1876 3 5.89 55.58 0.3 0.55 1875
 1877 3 5.88 55.97 0.3 0.55 1876
 1878 3 5.7 57.93 0.37 0.55 1877
 1879 3 5.53 59.12 0.43 0.55 1878
 1880 3 5.73 59.81 0.43 0.55 1879
 1881 3 5.75 60.71 0.51 0.55 1880
 1882 3 5.7 60.98 0.51 0.55 1881
 1883 3 5.68 61.35 0.6 0.55 1882
 1884 3 5.39 62.97 0.6 0.55 1883
 1885 3 5.14 64.7 0.68 0.55 1884
 1886 3 5.18 64.82 0.75 0.55 1885
 1887 3 5.12 65.08 0.75 0.55 1886
 1888 3 5.16 66.09 0.81 0.55 1887
 1889 3 4.97 67.15 0.81 0.55 1888
 1890 3 4.65 68.27 0.91 0.55 1889
 1891 3 4.65 68.64 0.91 0.55 1890
 1892 3 4.21 69.79 0.91 0.55 1891
 1893 3 4.02 70.86 1.04 0.55 1892
 1894 3 3.92 71.39 1.04 0.55 1893
 1895 3 3.61 72.5 1.12 0.55 1894
 1896 3 3.26 73.51 1.12 0.55 1895
 1897 3 2.79 74.52 1.2 0.55 1896
 1898 3 2.47 75.14 1.2 0.55 1897
 1899 3 2.39 75.29 1.27 0.55 1898
 1900 3 2.17 75.86 1.27 0.55 1899
 1901 3 1.23 77.03 1.36 0.55 1900
 1902 3 1.15 77.16 1.36 0.55 1901
 1903 3 0.83 77.78 1.36 0.55 1902
 1904 3 -0.14 78.83 1.41 0.55 1903
 1905 3 -0.21 78.99 1.41 0.55 1904
 1906 3 -0.51 79.32 1.5 0.55 1905
 1907 3 -1.26 79.8 1.5 0.55 1906
 1908 3 -2 80.27 1.59 0.55 1907
 1909 3 -2.33 80.49 1.59 0.55 1908
 1910 3 -3.26 80.77 1.59 0.55 1909
 1911 3 -4.45 81.12 1.64 0.55 1910
 1912 3 -4.79 81.22 1.64 0.55 1911
 1913 3 -5.78 81.39 1.73 0.55 1912
 1914 3 -6.63 81.53 1.73 0.55 1913
 1915 3 -7.25 81.57 1.82 0.55 1914
 1916 3 -8.04 81.06 1.82 0.55 1915
 1917 3 -8.66 80.72 1.82 0.55 1916
 1918 3 -9.16 80.75 1.82 0.55 1917
 1919 3 -9.78 80.81 1.82 0.55 1918
 1920 3 -10.48 81.02 1.82 0.55 1919
 1921 3 -10.72 81.09 1.82 0.55 1920
 1922 3 13.54 11.78 -0.61 0.735 1821
 1923 3 13.58 11.88 -0.61 0.735 1922
 1924 3 13.75 12.47 -0.67 0.735 1923
 1925 3 13.85 12.82 -0.67 0.735 1924
 1926 3 14.08 13.13 -0.81 0.735 1925
 1927 3 14.15 13.37 -0.81 0.735 1926
 1928 3 14.45 13.54 -0.88 0.735 1927
 1929 3 14.48 13.65 -0.99 0.735 1928
 1930 3 14.55 13.89 -0.99 0.735 1929
 1931 3 14.75 14.09 -1.04 0.735 1930
 1932 3 14.93 14.28 -1.04 0.735 1931
 1933 3 14.96 14.39 -1.12 0.735 1932
 1934 3 15.19 14.72 -1.2 0.735 1933
 1935 3 15.78 15.42 -1.35 0.735 1934
 1936 3 15.97 15.63 -1.41 0.735 1935
 1937 3 16.23 15.68 -1.5 0.735 1936
 1938 3 16.56 15.95 -1.5 0.735 1937
 1939 3 16.91 16.24 -1.5 0.735 1938
 1940 3 17.01 16.58 -1.59 0.735 1939
 1941 3 17.05 16.71 -1.59 0.735 1940
 1942 3 17.12 16.95 -1.64 0.735 1941
 1943 3 17.3 17.13 -1.64 0.735 1942
 1944 3 17.48 17.34 -1.74 0.735 1943
 1945 3 17.97 17.69 -1.82 0.735 1944
 1946 3 18.28 17.86 -1.82 0.735 1945
 1947 3 18.59 18.03 -1.87 0.735 1946
 1948 3 18.73 18.11 -1.97 0.735 1947
 1949 3 18.96 18.42 -2.09 0.735 1948
 1950 3 19.26 18.6 -2.19 0.735 1949
 1951 3 19.68 18.72 -2.19 0.735 1950
 1952 3 19.71 18.84 -2.25 0.735 1951
 1953 3 20.02 19.01 -2.25 0.735 1952
 1954 3 20.17 19.08 -2.25 0.735 1953
 1955 3 20.44 19.12 -2.32 0.735 1954
 1956 3 21.03 19.35 -2.32 0.735 1955
 1957 3 21.35 19.62 -2.32 0.735 1956
 1958 3 21.51 19.7 -2.42 0.735 1957
 1959 3 22 20.06 -2.42 0.735 1958
 1960 3 22.53 20.54 -2.49 0.735 1959
 1961 3 22.91 20.95 -2.49 0.735 1960
 1962 3 23.09 21.14 -2.55 0.735 1961
 1963 3 23.87 21.67 -2.65 0.735 1962
 1964 3 23.98 22.03 -2.65 0.735 1963
 1965 3 25.36 22.76 -2.72 0.615 1964
 1966 3 25.59 22.69 -2.78 0.615 1965
 1967 3 27.44 22.89 -2.78 0.615 1966
 1968 3 27.63 23.09 -2.88 0.615 1967
 1969 3 28.34 23.39 -2.88 0.615 1968
 1970 3 28.51 23.47 -2.94 0.615 1969
 1971 3 29.47 23.7 -2.94 0.615 1970
 1972 3 29.59 23.67 -3.01 0.615 1971
 1973 3 30.39 23.82 -3.09 0.615 1972
 1974 3 30.52 23.78 -3.09 0.615 1973
 1975 3 31.75 23.66 -3.09 0.615 1974
 1976 3 32.02 23.7 -3.17 0.615 1975
 1977 3 32.68 23.75 -3.17 0.615 1976
 1978 3 33.03 23.65 -3.17 0.615 1977
 1979 3 33.78 23.57 -3.25 0.615 1978
 1980 3 35.09 23.68 -3.3 0.615 1979
 1981 3 37.1 23.99 -3.4 0.615 1980
 1982 3 37.49 23.99 -3.4 0.615 1981
 1983 3 37.87 24.01 -3.4 0.615 1982
 1984 3 38.33 24.24 -3.47 0.615 1983
 1985 3 40.06 24.5 -3.53 0.615 1984
 1986 3 40.37 24.67 -3.53 0.615 1985
 1987 3 40.96 25.77 -3.53 0.615 1986
 1988 3 41.06 26.11 -3.63 0.615 1987
 1989 3 41.88 26.76 -3.63 0.615 1988
 1990 3 41.96 27 -3.63 0.615 1989
 1991 3 42.71 27.4 -3.63 0.615 1990
 1992 3 42.81 27.74 -3.71 0.615 1991
 1993 3 42.92 28.1 -3.71 0.615 1992
 1994 3 42.99 28.34 -3.71 0.615 1993
 1995 3 43.12 28.8 -3.71 0.615 1994
 1996 3 43.3 29.38 -3.76 0.615 1995
 1997 3 43.47 29.96 -3.76 0.615 1996
 1998 3 43.76 30.52 -3.76 0.615 1997
 1999 3 44.24 31.27 -3.76 0.615 1998
 2000 3 44.67 32.27 -3.76 0.615 1999
 2001 3 45.4 33.44 -3.84 0.615 2000
