1 1 0 0 0 3.378 -1
2 1 0 -3.37 0 3.378 1
3 1 0 3.37 0 3.378 1
4 7 -1.72 1.22 -2 0.245 1
5 7 -1.36 1.87 -2 0.245 4
6 7 -1.31 1.99 -2 0.245 5
7 7 -1.27 2.1 -2 0.245 6
8 7 -1.13 2.17 -2 0.245 7
9 7 -1.1 2.29 -2 0.245 8
10 7 -0.88 2.4 -2 0.245 9
11 7 -0.71 2.6 -2 0.245 10
12 7 -0.67 2.7 -2 0.245 11
13 7 -0.5 2.88 -2 0.245 12
14 7 -0.47 3 -2 0.245 13
15 7 -0.32 3.09 -2 0.245 14
16 7 -0.29 3.19 -2 0.245 15
17 7 -0.11 3.38 -2 0.245 16
18 7 -0.07 3.5 -2.15 0.245 17
19 7 0.51 3.87 -2.17 0.245 18
20 7 0.79 4.22 -2.73 0.245 19
21 7 0.81 4.69 -1.99 0.165 20
22 7 0.85 4.81 -1.99 0.165 21
23 7 0.89 4.91 -1.99 0.165 22
24 7 1.09 5.22 -2 0.165 23
25 7 1.37 5.38 -2.7 0.205 24
26 7 1.72 5.92 -2.7 0.205 25
27 7 2.19 6.29 -2.75 0.205 26
28 7 2.29 6.43 -2.92 0.205 27
29 7 2.42 6.57 -2.92 0.205 28
30 7 2.46 6.8 -2.97 0.205 29
31 7 2.57 6.94 -2.97 0.205 30
32 7 2.65 7.19 -3 0.205 31
33 7 2.67 7.28 -3 0.205 32
34 7 2.89 7.39 -3 0.205 33
35 7 2.92 7.51 -3 0.205 34
36 7 2.82 8.2 -3 0.205 35
37 7 2.64 8.76 -3.65 0.205 36
38 7 2.66 8.86 -3.65 0.205 37
39 7 2.91 9.09 -3.65 0.205 38
40 7 2.95 9.21 -3.65 0.205 39
41 7 3.01 9.42 -3.65 0.205 40
42 7 2.37 10.1 -3.65 0.205 41
43 7 2.23 10.03 -3.51 0.33 42
44 7 3.3 10.07 -4.4 0.245 43
45 7 3.59 10.22 -4.4 0.245 44
46 7 3.7 10.19 -4.4 0.245 45
47 7 3.99 10.16 -4.4 0.245 46
48 7 4.15 10.24 -4.4 0.245 47
49 7 4.32 10.25 -4.42 0.245 48
50 7 4.55 10.37 -4.42 0.245 49
51 7 4.89 10.56 -4.42 0.245 50
52 7 5.01 10.51 -4.42 0.245 51
53 7 5.15 10.58 -4.67 0.125 52
54 7 5.3 10.66 -4.67 0.125 53
55 7 5.37 10.71 -4.28 0.125 54
56 7 5.4 10.83 -4.17 0.125 55
57 7 5.49 11.16 -4.09 0.125 56
58 7 5.79 11.32 -4.17 0.125 57
59 7 6.01 11.43 -4.23 0.125 58
60 7 1.72 9.75 -3.5 0.33 43
61 7 1.72 9.58 -3.5 0.33 60
62 7 1.49 9.34 -3.64 0.33 61
63 7 1.44 9.24 -3.65 0.33 62
64 7 1.44 9.04 -3.65 0.33 63
65 7 1.3 8.97 -3.51 0.205 64
66 7 1.2 8.83 -3.69 0.205 65
67 7 1.22 8.56 -3.73 0.205 66
68 7 1.28 8.49 -3.75 0.205 67
69 7 1.18 8.34 -3.75 0.205 68
70 7 1.55 7.8 -3.75 0.205 69
71 7 2.79 10.53 -4.51 0.29 42
72 7 3.03 11.12 -4.51 0.29 71
73 7 3.07 11.23 -4.51 0.29 72
74 7 3.2 11.67 -4.51 0.29 73
75 7 3.3 11.83 -4.51 0.29 74
76 7 3.42 11.97 -4.51 0.29 75
77 7 3.85 12.02 -4.53 0.455 76
78 7 3.77 11.32 -4.59 0.245 77
79 7 3.8 11.07 -4.82 0.245 78
80 7 3.81 10.87 -4.82 0.245 79
81 7 3.85 10.44 -5.23 0.245 80
82 7 4.32 13.21 -4.26 0.245 77
83 7 4.79 13.75 -4.51 0.245 82
84 7 5.11 14 -4.55 0.245 83
85 7 5.39 14.71 -4.61 0.29 84
86 7 5.41 14.83 -4.82 0.29 85
87 7 5.58 15.02 -5.09 0.29 86
88 7 5.7 15.16 -5.09 0.29 87
89 7 5.84 15.23 -5.17 0.29 88
90 7 5.94 15.39 -5.28 0.29 89
91 7 6.2 15.07 -5.57 0.165 90
92 7 6.51 15.23 -5.69 0.165 91
93 7 6.64 15.3 -5.82 0.165 92
94 7 6.76 15.27 -5.82 0.165 93
95 7 6.88 15.23 -5.84 0.165 94
96 7 6.98 15.2 -5.84 0.165 95
97 7 7.2 15.13 -5.9 0.165 96
98 7 7.34 15.02 -5.96 0.165 97
99 7 7.43 15.07 -5.96 0.165 98
100 7 7.64 15 -6.01 0.165 99
101 7 7.64 15 -5.76 0.165 100
102 7 7.7 14.75 -5.76 0.165 101
103 7 7.63 14.34 -5.76 0.165 102
104 7 7.54 14.01 -5.76 0.165 103
105 7 7.54 14.01 -6.01 0.165 104
106 7 7.5 13.88 -6.05 0.165 105
107 7 7.78 13.56 -5.98 0.165 106
108 7 7.92 13.29 -5.9 0.165 107
109 7 8.1 13.29 -5.9 0.165 108
110 7 8.28 13.28 -6.01 0.165 109
111 7 8.16 12.66 -6.09 0.165 110
112 7 6.04 15.9 -5.59 0.37 90
113 7 6.12 15.94 -5.67 0.37 112
114 7 6.25 16.4 -5.73 0.37 113
115 7 6.42 16.59 -5.78 0.37 114
116 7 6.6 16.78 -5.78 0.37 115
117 7 6.42 17.13 -6.05 0.245 116
118 7 6.09 17.72 -5.84 0.245 117
119 7 6.23 17.8 -5.84 0.245 118
120 7 6.35 17.94 -5.69 0.245 119
121 7 4.99 14.42 -4.9 0.125 84
122 7 4.83 14.53 -4.9 0.125 121
123 7 4.64 14.69 -5.09 0.125 122
124 7 4.8 14.77 -5.09 0.125 123
125 7 4.82 14.89 -5.09 0.125 124
126 7 4.85 14.99 -5.09 0.125 125
127 7 4.89 15.11 -5.09 0.125 126
128 7 4.92 15.22 -5.07 0.125 127
129 7 5.04 15.36 -5.07 0.125 128
130 7 4.99 15.45 -5.17 0.125 129
131 7 5.01 16.09 -5.17 0.125 130
132 7 2.53 8.22 -3.17 0.125 36
133 7 2.35 8.23 -3.19 0.125 132
134 7 1.76 8.1 -3.45 0.125 133
135 7 1.55 7.98 -3.4 0.125 134
136 7 1.57 7.62 -3.42 0.125 135
137 7 1.5 7.39 -3.5 0.125 136
138 7 1.19 7.13 -3.4 0.125 137
139 7 1 6.94 -3.5 0.125 138
140 7 0.82 6.56 -3.5 0.125 139
141 7 3.04 7.29 -3 0.125 35
142 7 3.12 7.16 -3 0.125 141
143 7 3.24 6.75 -3.25 0.125 142
144 7 3.24 6.75 -3.27 0.125 143
145 7 3.64 6.88 -3.41 0.125 144
146 7 3.86 6.99 -3.41 0.125 145
147 7 4.02 7.55 -3.5 0.245 146
148 7 3.94 7.67 -3.5 0.245 147
149 7 3.77 8.33 -3.67 0.245 148
150 7 3.93 8.42 -3.67 0.245 149
151 7 3.96 8.52 -3.7 0.245 150
152 7 4.24 8.68 -3.5 0.245 151
153 7 4.42 8.87 -3.43 0.245 152
154 7 4.38 8.94 -3.5 0.245 153
155 7 2.43 5.66 -2.75 0.125 26
156 7 2.64 5.77 -2.75 0.125 155
157 7 2.96 5.86 -2.75 0.125 156
158 7 3.19 5.98 -2.75 0.125 157
159 7 3.4 6.09 -2.75 0.125 158
160 7 3.51 5.87 -2.75 0.125 159
161 7 3.5 5.58 -2.75 0.125 160
162 7 3.46 5.45 -2.75 0.125 161
163 7 3.25 5.16 -2.75 0.125 162
164 7 3.14 5.01 -2.75 0.125 163
165 7 3.11 4.9 -2.75 0.125 164
166 7 0.56 5.69 -2.01 0.165 24
167 7 0.49 5.82 -2.01 0.165 166
168 7 0.37 6.22 -2.2 0.165 167
169 7 -0.09 5.92 -1.62 0.125 168
170 7 -0.11 5.8 -1.62 0.125 169
171 7 -0.28 5.44 -1.62 0.125 170
172 7 -0.32 5.33 -1.61 0.125 171
173 7 -0.42 5 -1.75 0.125 172
174 7 -0.52 4.85 -1.87 0.125 173
175 7 -0.53 4.66 -1.87 0.125 174
176 7 -0.69 4.47 -1.87 0.125 175
177 7 -0.73 4.35 -1.87 0.125 176
178 7 -1.17 4.12 -1.99 0.125 177
179 7 -1.41 3.9 -1.99 0.125 178
180 7 -1.62 3.79 -1.99 0.125 179
181 7 -1.78 3.71 -1.99 0.125 180
182 7 -1.88 3.73 -1.99 0.125 181
183 7 -2.03 3.66 -1.99 0.125 182
184 7 -2.52 3.02 -1.84 0.125 183
185 7 -3.3 2.89 -1.75 0.41 184
186 7 -3.77 2.72 -2 0.41 185
187 7 -3.98 2.81 -2 0.41 186
188 7 -4.09 2.83 -2 0.41 187
189 7 -4.39 3.06 -2 0.41 188
190 7 -5.02 2.99 -2.01 0.245 189
191 7 -5.24 2.87 -2.01 0.245 190
192 7 -5.35 2.92 -2.01 0.245 191
193 7 -5.64 2.94 -2.14 0.245 192
194 7 -5.82 2.93 -2.14 0.245 193
195 7 -5.78 3.05 -2.14 0.245 194
196 7 -5.86 3.18 -2.15 0.245 195
197 7 -5.83 3.48 -2.15 0.245 196
198 7 -5.92 3.63 -2.17 0.245 197
199 7 -6.33 3.86 -2.19 0.245 198
200 7 0.37 6.89 -2.5 0.125 168
201 7 0.48 7.05 -2.5 0.125 200
202 7 0.65 7.41 -2.45 0.125 201
203 7 0.69 7.52 -2.45 0.125 202
204 7 0.79 7.66 -2.45 0.125 203
205 7 0.87 7.9 -2.43 0.125 204
206 7 1.61 4.45 -2.69 0.165 20
207 7 1.74 4.52 -2.73 0.165 206
208 7 2 4.04 -2.5 0.165 207
209 7 2.34 4.12 -2.73 0.165 208
210 7 2.55 4.22 -2.75 0.165 209
211 7 2.77 4.35 -2.75 0.165 210
212 7 3 4.46 -2.75 0.165 211
213 7 3.13 4.54 -2.97 0.165 212
214 7 3.42 4.69 -3 0.165 213
215 7 4.51 4.91 -3.43 0.165 214
216 7 4.62 4.87 -3.5 0.165 215
217 7 4.85 4.8 -3.64 0.165 216
218 7 5.36 4.71 -3.43 0.125 217
219 7 5.5 4.79 -3.5 0.125 218
220 7 5.64 4.86 -3.5 0.125 219
221 7 5.33 5.62 -3.67 0.125 220
222 7 5.37 5.75 -3.67 0.125 221
223 7 5.58 6.03 -3.5 0.125 222
224 7 5.57 6.22 -3.5 0.125 223
225 7 5.65 6.26 -3.74 0.125 224
226 7 5.7 6.47 -3.74 0.125 225
227 7 5.63 6.62 -3.75 0.125 226
228 7 5.88 6.86 -3.75 0.125 227
229 7 4.62 4.03 -3.74 0.125 217
230 7 4.69 3.89 -3.74 0.125 229
231 7 4.92 3.45 -3.74 0.125 230
232 7 4.92 3.45 -3.9 0.125 231
233 7 4.88 3.15 -3.9 0.125 232
234 7 4.83 2.92 -3.91 0.125 233
235 7 3.91 5.33 -3.4 0.125 214
236 7 3.94 5.44 -3.4 0.125 235
237 7 4.08 5.71 -3.25 0.125 236
238 7 4.12 5.81 -3.25 0.125 237
239 7 4.2 5.85 -3.25 0.125 238
240 7 4.29 6 -3.25 0.125 239
241 7 4.3 6.18 -3.47 0.125 240
242 7 4.32 6.29 -3.5 0.125 241
243 7 4.43 6.46 -3.5 0.125 242
244 7 4.42 6.63 -3.5 0.125 243
245 7 4.49 6.85 -3.5 0.125 244
246 7 0.41 3.53 -2.25 0.125 19
247 7 0.38 3.24 -2.25 0.125 246
248 7 0.39 2.88 -2.5 0.125 247
249 7 0.39 2.69 -2.5 0.125 248
250 7 0.51 2.47 -2.41 0.125 249
251 7 0.67 2.36 -2.41 0.125 250
252 7 0.74 2.23 -2.4 0.125 251
253 7 2.35 0.41 -0.91 1.315 1
254 7 2.84 0.39 -0.91 1.315 253
255 7 2.26 0.93 -1.23 0.825 254
256 7 4.01 1.11 -0.34 1.11 255
257 7 5.48 1.34 -0.62 0.7 256
258 7 5.72 1.56 -1.33 0.165 257
259 7 6.23 2.02 -1.37 0.165 258
260 7 6.45 2.14 -1.69 0.165 259
261 7 6.66 2.26 -1.69 0.165 260
262 7 6.7 2.35 -1.69 0.165 261
263 7 6.71 2.48 -1.69 0.165 262
264 7 6.9 2.67 -1.7 0.165 263
265 7 7.36 2.71 -1.37 0.205 264
266 7 7.52 2.91 -1.37 0.205 265
267 7 7.72 3.2 -1.5 0.205 266
268 7 7.95 3.31 -1.61 0.205 267
269 7 8.06 3.47 -1.7 0.205 268
270 7 8.34 3.62 -1.75 0.205 269
271 7 8.63 3.78 -1.75 0.205 270
272 7 8.77 3.86 -1.75 0.205 271
273 7 9.17 3.8 -0.17 0.29 272
274 7 9.33 3.69 -0.17 0.29 273
275 7 9.53 3.14 -0.17 0.29 274
276 7 10.01 3.12 -0.86 0.205 275
277 7 10.23 3.05 -0.86 0.205 276
278 7 10.37 2.94 -0.86 0.205 277
279 7 10.89 2.86 -1 0.205 278
280 7 11.08 2.85 -1 0.205 279
281 7 11.29 2.97 -1.12 0.205 280
282 7 11.59 3.12 -1.23 0.205 281
283 7 11.42 3.98 -1.58 0.205 282
284 7 11.55 4.23 -1.58 0.205 283
285 7 11.58 4.34 -1.37 0.205 284
286 7 11.66 4.56 -1.34 0.205 285
287 7 11.75 4.71 -1.74 0.205 286
288 7 11.87 4.87 -1.86 0.205 287
289 7 12.29 5.47 -0.87 0.33 288
290 7 12.57 5.79 -1.37 0.33 289
291 7 12.89 6.07 -1.25 0.33 290
292 7 12.91 6.17 -1.49 0.33 291
293 7 12.79 6.94 -2.75 0.205 292
294 7 13.05 8.02 -2.45 0.205 293
295 7 13.26 8.13 -2.45 0.205 294
296 7 13.45 9.17 -2.5 0.205 295
297 7 13.52 9.58 -2.5 0.455 296
298 7 13.05 10.09 -2.77 0.29 297
299 7 12.94 10.28 -2.91 0.29 298
300 7 13.05 10.45 -2.91 0.29 299
301 7 12.93 10.65 -2.99 0.29 300
302 7 12.77 10.96 -3 0.29 301
303 7 12.46 11.53 -3 0.165 302
304 7 12.26 12.09 -3 0.165 303
305 7 12.3 12.19 -3 0.165 304
306 7 12.1 12.56 -3 0.125 305
307 7 12.16 12.79 -3.19 0.125 306
308 7 12.16 12.96 -3.19 0.125 307
309 7 12.11 13.22 -3.2 0.125 308
310 7 12.15 13.34 -3.2 0.125 309
311 7 12.37 13.45 -3.2 0.125 310
312 7 12.48 13.6 -3.2 0.125 311
313 7 12.6 13.68 -3.2 0.125 312
314 7 13.81 9.37 -2.5 0.33 297
315 7 14.02 9.48 -2.5 0.33 314
316 7 14.06 9.59 -2.5 0.33 315
317 7 14.34 9.93 -2.5 0.33 316
318 7 14.52 10.12 -2.5 0.33 317
319 7 14.56 10.24 -2.5 0.33 318
320 7 13.83 6.39 -1.1 0.33 292
321 7 14.33 6.84 -0.28 0.165 320
322 7 14.36 6.95 -0.28 0.165 321
323 7 14.59 7.07 -0.28 0.165 322
324 7 14.94 7.63 0.23 0.165 323
325 7 14.85 7.79 0.23 0.165 324
326 7 14.96 7.92 0.23 0.165 325
327 7 14.99 8.22 0.2 0.165 326
328 7 15.02 8.34 0.28 0.165 327
329 7 15.12 8.47 0.28 0.165 328
330 7 15.17 8.59 0.28 0.165 329
331 7 15.33 8.8 0.1 0.165 330
332 7 15.55 8.91 0 0.165 331
333 7 15.87 9.36 0.07 0.165 332
334 7 16.01 9.42 0.07 0.165 333
335 7 15.08 6.31 -0.25 0.125 323
336 7 15.15 5.31 -0.2 0.125 335
337 7 15.2 5.06 -0.2 0.125 336
338 7 15.17 4.96 -0.2 0.125 337
339 7 15.1 4.56 -0.4 0.125 338
340 7 15.55 4.05 -0.5 0.125 339
341 7 15.75 3.87 -0.4 0.125 340
342 7 16.04 3.65 -0.46 0.125 341
343 7 16.12 3.51 -0.55 0.125 342
344 7 16.22 2.8 -0.55 0.125 343
345 7 16.2 2.15 -0.56 0.125 344
346 7 16.05 2.07 -0.56 0.125 345
347 7 15.86 1.59 -0.56 0.125 346
348 7 14.07 5.96 -1.37 0.125 320
349 7 13.77 5.6 -1.36 0.125 348
350 7 13.79 5.43 -1.37 0.125 349
351 7 13.69 5.1 -1.5 0.125 350
352 7 13.78 4.96 -1.5 0.125 351
353 7 13.88 4.91 -1.49 0.125 352
354 7 14.02 4.82 -1.49 0.125 353
355 7 12.56 2.52 -1.25 0.245 282
356 7 12.83 2.38 -1.45 0.245 355
357 7 13.34 2.29 -1.45 0.245 356
358 7 13.45 2.26 -1.25 0.245 357
359 7 13.59 2.34 -1.25 0.245 358
360 7 13.82 2.28 -1.1 0.245 359
361 7 14.08 2.32 -1.1 0.245 360
362 7 14.19 2.27 -1.08 0.245 361
363 7 14.34 2.17 -1.25 0.245 362
364 7 14.68 1.7 -1.09 0.125 363
365 7 14.68 1.7 -1.37 0.125 364
366 7 14.65 1.41 -1.37 0.125 365
367 7 14.66 1.22 -1.37 0.125 366
368 7 14.45 0.93 -1.25 0.125 367
369 7 14.36 0.89 -1.47 0.125 368
370 7 13.95 0.46 -1.5 0.125 369
371 7 13.94 0.12 -1 0.125 370
372 7 13.99 0.04 -1.37 0.125 371
373 7 14.02 0 -1.61 0.125 372
374 7 13.89 -0.18 -1.69 0.125 373
375 7 10.18 2.27 -0.25 0.125 275
376 7 10.39 2.4 -0.3 0.125 375
377 7 10.54 2.47 -0.09 0.125 376
378 7 10.73 2.28 -0.09 0.125 377
379 7 10.81 2.13 0.2 0.125 378
380 7 11 2.15 0.2 0.125 379
381 7 11.14 2.04 0.2 0.125 380
382 7 11.25 2 -0.05 0.125 381
383 7 6.88 1.34 -0.81 0.575 257
384 7 7.22 0.68 -1.58 0.165 383
385 7 7.33 0.66 -1.58 0.165 384
386 7 7.57 0.39 -1.6 0.165 385
387 7 7.64 0.26 -1.62 0.165 386
388 7 7.83 0.26 -1.62 0.165 387
389 7 7.93 0.22 -1.62 0.165 388
390 7 8.04 0.19 -1.62 0.165 389
391 7 7.95 -0.37 -1.62 0.165 390
392 7 7.92 -0.48 -1.62 0.165 391
393 7 8.02 -0.52 -1.62 0.165 392
394 7 8.18 -0.61 -1.62 0.165 393
395 7 8.29 -0.65 -1.62 0.165 394
396 7 8.34 -0.91 -1.62 0.165 395
397 7 8.36 -1.47 -1.62 0.165 396
398 7 8.26 -1.79 -1.74 0.165 397
399 7 7.29 1.94 -0.99 0.37 383
400 7 7.5 2.05 -1.2 0.37 399
401 7 7.77 2.09 -1.25 0.37 400
402 7 7.84 1.95 -1.25 0.37 401
403 7 8.41 1.6 -1.5 0.205 402
404 7 8.49 1.46 -1.34 0.205 403
405 7 8.49 1.27 -1.45 0.205 404
406 7 8.72 0.84 -1.5 0.205 405
407 7 9.22 0.27 -1.5 0.125 406
408 7 9.35 -0.19 -1.5 0.125 407
409 7 9.35 -0.19 -1.61 0.125 408
410 7 9.42 -0.33 -1.62 0.125 409
411 7 9.54 -0.54 -1.62 0.125 410
412 7 9.58 -0.62 -1.5 0.125 411
413 7 4.46 2.19 -0.81 0.205 256
414 7 4.47 2.84 -0.81 0.205 413
415 7 4.5 2.97 -0.81 0.205 414
416 7 4.82 3.22 -0.93 0.205 415
417 7 4.86 3.33 -0.97 0.205 416
418 7 4.95 3.39 -0.97 0.205 417
419 7 5.08 3.45 -1 0.205 418
420 7 5.42 3.35 -1 0.205 419
421 7 5.49 3.22 -1 0.205 420
422 7 5.75 3.07 -1 0.205 421
423 7 5.86 3.04 -1 0.205 422
424 7 6.24 3.06 -1 0.205 423
425 7 6.37 3.13 -0.97 0.205 424
426 7 6.57 3.13 -0.91 0.205 425
427 7 2.13 1.86 -1.23 0.165 255
428 7 1.99 2.46 -1.23 0.165 427
429 7 1.87 2.68 -1.23 0.165 428
430 7 1.8 2.82 -1.23 0.165 429
431 7 1.69 3.03 -1.23 0.165 430
432 7 1.64 3.29 -1.37 0.165 431
433 7 1.67 3.4 -1.47 0.165 432
434 7 1.59 3.55 -1.47 0.165 433
435 7 1.76 3.73 -1.58 0.165 434
436 7 1.82 3.85 -1.62 0.165 435
437 7 2.03 3.96 -1.62 0.165 436
438 7 2.21 3.78 -1.62 0.165 437
439 7 2.28 3.65 -1.62 0.165 438
440 7 2.4 3.6 -1.69 0.165 439
441 7 2.55 3.32 -1.69 0.165 440
442 7 2.67 3.28 -1.69 0.165 441
443 7 2.92 3.13 -1.69 0.165 442
444 7 3.04 3.1 -1.73 0.165 443
445 7 3.22 3.12 -1.75 0.165 444
446 7 3.36 3.2 -1.97 0.165 445
447 7 3.47 3.14 -1.97 0.165 446
448 7 3.62 2.87 -1.87 0.165 447
449 7 3.57 2.46 -1.95 0.165 448
450 7 4.05 -0.03 -0.1 0.205 254
451 7 4.71 -0.25 -0.17 0.205 450
452 7 5.16 -0.19 -0.33 0.205 451
453 7 5.3 -0.12 -0.33 0.205 452
454 7 5.44 -0.03 -0.33 0.205 453
455 7 5.56 0.16 -0.43 0.205 454
456 7 5.57 0.28 -0.43 0.205 455
457 7 5.62 0.38 -0.46 0.205 456
458 7 5.72 0.52 -0.46 0.205 457
459 7 5.85 0.98 -0.49 0.205 458
460 7 -3.45 0.09 0.23 1.52 1
461 7 -4.08 0 0.23 1.52 460
462 7 -4.11 0.11 0.23 1.52 461
463 7 -6.37 1.04 0 1.07 462
464 7 -7.22 1.6 -1.25 0.905 463
465 7 -8.13 2.6 -1.74 0.66 464
466 7 -8.74 3.22 -2.97 0.455 465
467 7 -8.78 3.29 -3.14 0.455 466
468 7 -9.14 3.58 -3.2 0.455 467
469 7 -10.1 4.18 -3.2 0.455 468
470 7 -10.19 4.49 -3.75 0.245 469
471 7 -10.27 4.83 -3.75 0.245 470
472 7 -10.43 5.11 -3.75 0.245 471
473 7 -10.43 5.11 -4.01 0.245 472
474 7 -10.51 5.27 -4.01 0.245 473
475 7 -10.61 5.29 -4.01 0.245 474
476 7 -10.72 5.34 -4.01 0.245 475
477 7 -10.8 5.48 -4.07 0.245 476
478 7 -11.11 6.06 -4.15 0.37 477
479 7 -11.19 6.21 -4.15 0.37 478
480 7 -10.73 6.55 -3.65 0.37 479
481 7 -10.92 7.27 -4.34 0.455 480
482 7 -10.73 7.59 -4.34 0.455 481
483 7 -10.69 7.69 -4.32 0.455 482
484 7 -10.77 7.84 -4.32 0.455 483
485 7 -10.93 8.48 -4.69 0.455 484
486 7 -11.67 8.29 -4.94 0.455 485
487 7 -12.17 8.57 -5.4 0.455 486
488 7 -12.12 8.79 -5.4 0.455 487
489 7 -12.02 8.93 -5.4 0.455 488
490 7 -11.98 9.06 -5.4 0.455 489
491 7 -11.88 9.2 -5.4 0.455 490
492 7 -11.65 9.32 -5.4 0.455 491
493 7 -11.63 9.8 -5.51 0.455 492
494 7 -11.01 10.21 -4.26 0.495 493
495 7 -10.52 10.85 -4.61 0.41 494
496 7 -10.38 10.93 -4.61 0.41 495
497 7 -10.13 11.17 -4.36 0.41 496
498 7 -9.72 11.76 -4.65 0.41 497
499 7 -9.64 11.8 -4.59 0.41 498
500 7 -9.4 12.2 -4.84 0.41 499
501 7 -9.25 12.28 -4.84 0.41 500
502 7 -9.22 12.39 -5 0.41 501
503 7 -9.08 12.66 -5 0.41 502
504 7 -8.94 12.74 -4.65 0.41 503
505 7 -8.87 12.77 -4.55 0.41 504
506 7 -8.5 12.97 -4.84 0.41 505
507 7 -8.29 13.08 -5 0.41 506
508 7 -8.26 13.19 -5.13 0.41 507
509 7 -8.04 13.5 -5.19 0.41 508
510 7 -8 13.61 -5.19 0.41 509
511 7 -7.93 13.83 -5.26 0.41 510
512 7 -7.86 13.86 -5.32 0.41 511
513 7 -7.59 14.22 -5.4 0.41 512
514 7 -7.54 14.32 -5.4 0.41 513
515 7 -7.47 14.18 -5.13 0.66 514
516 7 -6.72 14.69 -4.96 0.33 515
517 7 -5.9 15.4 -5.78 0.33 516
518 7 -5.33 15.9 -5.78 0.535 517
519 7 -4.51 16.63 -5.5 0.66 518
520 7 -3.75 16.07 -5.59 0.125 519
521 7 -3.68 15.94 -5.59 0.125 520
522 7 -3.55 15.35 -5.59 0.125 521
523 7 -3.64 14.84 -5.59 0.125 522
524 7 -3.68 14.72 -5.59 0.125 523
525 7 -3.99 14.09 -5.59 0.125 524
526 7 -3.99 14.09 -5.73 0.125 525
527 7 -4.3 13.27 -5.73 0.125 526
528 7 -4.47 12.9 -5.73 0.125 527
529 7 -4.46 12.72 -5.73 0.125 528
530 7 -4.45 12.35 -5.73 0.125 529
531 7 -4.58 11.91 -6.07 0.125 530
532 7 -4.5 11.57 -6.07 0.125 531
533 7 -4.33 11.1 -6.01 0.125 532
534 7 -4.07 10.6 -6.01 0.125 533
535 7 -4.07 10.6 -6.32 0.125 534
536 7 -3.87 10.24 -6.32 0.125 535
537 7 -3.79 10.08 -6.32 0.125 536
538 7 -3.67 9.86 -6.15 0.125 537
539 7 -3.6 9.74 -6.07 0.125 538
540 7 -3.55 9.1 -6.55 0.125 539
541 7 -3.53 8.92 -6.73 0.125 540
542 7 -3.66 8.47 -6.73 0.125 541
543 7 -3.7 8.36 -6.59 0.125 542
544 7 -3.83 17.07 -4.73 0.535 519
545 7 -3.39 17.49 -4.9 0.455 544
546 7 -3.16 17.91 -5 0.455 545
547 7 -2.94 18.02 -4.82 0.455 546
548 7 -2.9 18.13 -4.82 0.455 547
549 7 -2.77 18.21 -4.82 0.455 548
550 7 -2.63 18.47 -5 0.455 549
551 7 -2.6 18.59 -5 0.455 550
552 7 -2.39 19.07 -4.96 0.455 551
553 7 -2.36 19.18 -5.05 0.455 552
554 7 -2.01 20.1 -4.78 0.33 553
555 7 -1.48 20.49 -4.84 0.33 554
556 7 -1.44 20.59 -4.84 0.33 555
557 7 -1.4 20.7 -4.84 0.33 556
558 7 -1.38 21.19 -4.84 0.33 557
559 7 -0.63 22.06 -4.28 0.455 558
560 7 -0.5 22.32 -4.28 0.455 559
561 7 -0.4 22.75 -4.28 0.455 560
562 7 -0.28 22.89 -4.28 0.455 561
563 7 0 23.71 -4.01 0.905 562
564 7 0 23.77 -4.01 0.905 563
565 7 0.11 24.03 -3.97 0.905 564
566 7 0.98 25.34 -3.75 0.245 565
567 7 1.03 25.44 -3.75 0.245 566
568 7 1.44 26.04 -3.75 0.245 567
569 7 1.72 26.57 -3.75 0.245 568
570 7 1.76 26.68 -3.75 0.245 569
571 7 1.85 26.82 -3.75 0.245 570
572 7 1.94 26.87 -3.75 0.245 571
573 7 2.51 28.2 -3.75 0.495 572
574 7 2.31 29.59 -3.25 0.29 573
575 7 2.39 29.83 -3.27 0.29 574
576 7 2.56 30.02 -3.47 0.29 575
577 7 2.6 30.12 -3.47 0.29 576
578 7 2.76 30.19 -3.47 0.29 577
579 7 2.77 30.3 -3.47 0.29 578
580 7 2.85 30.54 -3.47 0.29 579
581 7 2.88 30.64 -3.47 0.29 580
582 7 2.87 30.83 -3.47 0.29 581
583 7 2.84 31.08 -3.25 0.29 582
584 7 2.81 31.45 -3.25 0.29 583
585 7 2.81 31.64 -3.5 0.29 584
586 7 2.79 32.18 -3.42 0.29 585
587 7 2.9 32.34 -3.42 0.29 586
588 7 2.9 32.53 -3.42 0.29 587
589 7 3.09 33.01 -3.67 0.29 588
590 7 3.09 33.01 -3.75 0.29 589
591 7 3.09 34.41 -3.75 0.29 590
592 7 3.2 34.54 -3.75 0.29 591
593 7 3.26 34.78 -4.01 0.29 592
594 7 3.38 34.93 -4.01 0.29 593
595 7 3.4 35.04 -3.75 0.29 594
596 7 3.61 35.15 -3.25 0.29 595
597 7 3.65 35.26 -3.25 0.29 596
598 7 3.62 35.34 -3.67 0.29 597
599 7 3.66 36.3 -3.75 0.29 598
600 7 3.69 36.42 -3.5 0.29 599
601 7 3.85 36.78 -3.75 0.29 600
602 7 3.85 36.78 -3.9 0.29 601
603 7 4.11 38.4 -3.5 0.205 602
604 7 4.06 38.65 -3.5 0.205 603
605 7 4.06 38.84 -3.5 0.205 604
606 7 4.03 39.76 -3.91 0.205 605
607 7 4.03 39.76 -4.01 0.205 606
608 7 4.07 40.7 -4.44 0.245 607
609 7 4.18 40.86 -4.44 0.245 608
610 7 4.21 41.16 -4.42 0.245 609
611 7 4.24 41.28 -4.4 0.245 610
612 7 4.39 41.36 -4.4 0.245 611
613 7 4.65 41.58 -4.42 0.245 612
614 7 4.29 42.24 -4.09 0.245 613
615 7 4.32 42.34 -4.61 0.245 614
616 7 4.37 42.75 -4.61 0.245 615
617 7 4.43 42.86 -4.61 0.245 616
618 7 4.45 42.98 -4.61 0.245 617
619 7 4.47 43.08 -4.59 0.245 618
620 7 4.52 43.2 -4.59 0.245 619
621 7 4.51 43.39 -4.59 0.245 620
622 7 4.61 43.72 -4.48 0.245 621
623 7 3.96 44.39 -3.95 0.165 622
624 7 3.9 44.54 -4.32 0.165 623
625 7 3.93 44.65 -4.32 0.165 624
626 7 3.98 45.42 -4.46 0.165 625
627 7 4.01 45.53 -4.46 0.165 626
628 7 4.1 45.88 -4.46 0.165 627
629 7 4.14 46.17 -4.57 0.165 628
630 7 4.08 46.31 -4.67 0.165 629
631 7 4.02 46.74 -4.5 0.165 630
632 7 3.9 46.96 -4.76 0.165 631
633 7 3.88 47.34 -4.84 0.165 632
634 7 4.02 47.58 -4.84 0.165 633
635 7 3.98 47.66 -4.65 0.165 634
636 7 3.65 48.14 -4.98 0.165 635
637 7 3.54 48.34 -5.15 0.165 636
638 7 3.18 48.64 -5.19 0.125 637
639 7 3.06 48.85 -4.69 0.125 638
640 7 2.99 48.99 -4.63 0.125 639
641 7 2.88 49.04 -4.76 0.125 640
642 7 2.69 49.22 -4.94 0.125 641
643 7 2.33 49.87 -4.94 0.125 642
644 7 5.4 41.05 -4.82 0.165 613
645 7 5.6 41.17 -4.78 0.165 644
646 7 6.01 41.12 -4.76 0.165 645
647 7 6.08 41.15 -4.9 0.165 646
648 7 6.27 40.77 -4.63 0.165 647
649 7 6.29 40.59 -4.65 0.165 648
650 7 6.19 40.25 -4.65 0.165 649
651 7 6.15 40.16 -4.82 0.165 650
652 7 6.11 40.04 -4.82 0.165 651
653 7 5.95 39.67 -4.98 0.165 652
654 7 5.95 39.67 -4.78 0.165 653
655 7 5.98 39.41 -4.69 0.165 654
656 7 5.95 39.3 -4.78 0.165 655
657 7 5.88 39.07 -4.78 0.165 656
658 7 5.77 38.93 -5.13 0.165 657
659 7 5.49 38.78 -5.13 0.165 658
660 7 5.34 38.69 -5.07 0.165 659
661 7 5.22 38.54 -5.03 0.165 660
662 7 5.24 38.35 -5.17 0.165 661
663 7 5.24 38.35 -5.05 0.165 662
664 7 3.41 27.56 -4.09 0.125 573
665 7 3.44 27.5 -4.17 0.125 664
666 7 3.58 27.1 -5.07 0.125 665
667 7 3.7 26.87 -5.07 0.125 666
668 7 3.85 26.6 -5.09 0.125 667
669 7 3.85 26.6 -4.9 0.125 668
670 7 3.71 25.96 -5.15 0.125 669
671 7 3.73 25.77 -5.23 0.125 670
672 7 3.73 25.41 -5.13 0.125 671
673 7 3.75 25.23 -5.42 0.125 672
674 7 3.63 25.08 -5.48 0.125 673
675 7 3.41 24.97 -5.23 0.125 674
676 7 2.81 24.53 -5.34 0.37 675
677 7 2.35 24.85 -5.84 0.125 676
678 7 1.87 25.43 -5.84 0.125 677
679 7 1.53 25.36 -6 0.125 678
680 7 1.31 25.23 -6 0.125 679
681 7 2.9 23.83 -5.34 0.125 676
682 7 2.88 23.72 -5.34 0.125 681
683 7 3.37 23.36 -5.57 0.125 682
684 7 3.45 23.2 -5.57 0.125 683
685 7 3.76 22.61 -5.65 0.125 684
686 7 3.81 22.54 -5.57 0.125 685
687 7 3.7 22.2 -5.63 0.125 686
688 7 3.7 22.2 -5.53 0.125 687
689 7 3.63 21.98 -5.53 0.125 688
690 7 2.82 23.13 -5.42 0.125 682
691 7 2.73 22.8 -5.32 0.125 690
692 7 2.67 22.7 -5.42 0.125 691
693 7 2.8 22.28 -5.61 0.125 692
694 7 2.9 22.26 -5.61 0.125 693
695 7 2.99 22.31 -5.61 0.125 694
696 7 3.13 22.38 -5.61 0.125 695
697 7 3.21 22.22 -5.61 0.125 696
698 7 3.32 22.2 -5.61 0.125 697
699 7 3.7 27.91 -4.26 0.125 665
700 7 3.88 28.1 -4.26 0.125 699
701 7 4.33 28.45 -4.26 0.125 700
702 7 4.48 28.53 -4.17 0.125 701
703 7 4.7 28.65 -4.26 0.125 702
704 7 5.21 28.92 -4.32 0.125 703
705 7 5.28 29.13 -4.32 0.125 704
706 7 5.37 29.28 -4.36 0.125 705
707 7 0.02 25.56 -3.5 0.495 565
708 7 0.53 27.04 -3.5 0.41 707
709 7 0.68 28.16 -3.5 0.41 708
710 7 0.73 28.27 -3.5 0.41 709
711 7 1 29.46 -3.5 0.37 710
712 7 1.08 29.68 -3.77 0.37 711
713 7 1.28 30.17 -3.75 0.37 712
714 7 1.38 30.3 -3.75 0.37 713
715 7 1.41 30.41 -3.75 0.37 714
716 7 1.45 30.54 -3.69 0.37 715
717 7 1.72 31.6 -4.09 0.37 716
718 7 1.97 32.69 -4.01 0.33 717
719 7 2.06 33.38 -4.09 0.33 718
720 7 2.15 33.52 -4.01 0.33 719
721 7 2.46 34.54 -1.97 0.33 720
722 7 2.45 34.71 -2 0.33 721
723 7 2.56 34.87 -2 0.33 722
724 7 2.55 35.24 -2.91 0.33 723
725 7 2.58 35.34 -2.91 0.33 724
726 7 2.52 36.14 -3 0.41 725
727 7 2.74 36.26 -3 0.41 726
728 7 2.58 36.92 -3.49 0.41 727
729 7 2.45 37.15 -2.5 0.41 728
730 7 2.46 37.99 -2.25 0.455 729
731 7 2.55 38.69 -2.25 0.455 730
732 7 2.66 38.84 -2.25 0.455 731
733 7 2.8 38.92 -2.25 0.455 732
734 7 2.8 39.11 -2.67 0.455 733
735 7 2.86 39.31 -2.67 0.455 734
736 7 2.71 39.61 -2.67 0.455 735
737 7 2.64 40.78 -2.75 0.165 736
738 7 2.53 41 -2.69 0.165 737
739 7 2.44 41.15 -2.69 0.165 738
740 7 2.34 41.56 -2.91 0.165 739
741 7 2.25 41.69 -2.91 0.165 740
742 7 2.24 41.88 -2.74 0.165 741
743 7 2.28 41.99 -2.74 0.165 742
744 7 2.3 42.11 -2.77 0.165 743
745 7 2.3 42.48 -2.95 0.165 744
746 7 2.34 42.58 -2.95 0.165 745
747 7 2.06 43.1 -2.9 0.165 746
748 7 2.08 43.2 -3.15 0.165 747
749 7 2.08 43.38 -3.24 0.165 748
750 7 2.12 43.48 -3.24 0.165 749
751 7 2.15 43.6 -3 0.165 750
752 7 2.26 43.77 -2.93 0.165 751
753 7 2.28 43.86 -3.01 0.165 752
754 7 2.53 44.46 -2.76 0.165 753
755 7 1.66 36.91 -2.49 0.125 729
756 7 1.22 36.67 -2.47 0.125 755
757 7 0.51 36.1 -2.43 0.125 756
758 7 0.48 35.99 -2.69 0.125 757
759 7 0.22 35.75 -2.75 0.125 758
760 7 0.13 35.61 -2.75 0.125 759
761 7 0.04 34.72 -2.91 0.125 760
762 7 0 34.74 -3.15 0.125 761
763 7 0.07 34.47 -3.15 0.125 762
764 7 0.21 33.7 -3 0.125 763
765 7 0.17 33.59 -3 0.125 764
766 7 -0.03 32.83 -3.25 0.125 765
767 7 -0.08 32.73 -3.25 0.125 766
768 7 -0.28 32.43 -3.25 0.125 767
769 7 -0.36 32.2 -3.17 0.125 768
770 7 -0.31 31.77 -3 0.125 769
771 7 -0.27 31.7 -3.25 0.125 770
772 7 -0.5 31.11 -3.25 0.125 771
773 7 -0.54 30.98 -3.25 0.125 772
774 7 -0.56 30.87 -3.25 0.125 773
775 7 -0.72 30.7 -3.2 0.125 774
776 7 -4.97 15.24 -5.36 0.125 518
777 7 -5.01 15.13 -5.36 0.125 776
778 7 -5.12 14.98 -5.36 0.125 777
779 7 -5.15 14.86 -5.36 0.125 778
780 7 -5.15 14.69 -5.36 0.125 779
781 7 -5.25 14.52 -5.36 0.125 780
782 7 -5.25 14.35 -5.36 0.125 781
783 7 -5.39 14.28 -5.36 0.125 782
784 7 -5.49 14.13 -5.36 0.125 783
785 7 -5.65 14.04 -5.34 0.125 784
786 7 -5.66 13.93 -5.34 0.125 785
787 7 -5.61 13.48 -5.34 0.125 786
788 7 -5.73 13.33 -5.34 0.125 787
789 7 -5.73 13.16 -5.34 0.125 788
790 7 -6.7 14.31 -4.9 0.125 516
791 7 -6.74 14.2 -4.92 0.125 790
792 7 -6.98 13.6 -4.94 0.125 791
793 7 -6.78 13.25 -5.09 0.125 792
794 7 -6.74 13.17 -5.23 0.125 793
795 7 -6.73 12.8 -5.26 0.125 794
796 7 -6.85 12.66 -5.26 0.125 795
797 7 -7.64 12.23 -5.26 0.125 796
798 7 -8.12 11.22 -5.23 0.125 797
799 7 -8.45 10.28 -5.23 0.125 798
800 7 -8.46 9.26 -5.13 0.125 799
801 7 -8.49 9.15 -5.05 0.125 800
802 7 -7.33 15.48 -5.84 0.205 515
803 7 -7.01 15.93 -6.03 0.205 802
804 7 -6.8 16.04 -6.03 0.205 803
805 7 -6.7 16.17 -6.07 0.205 804
806 7 -6.7 16.38 -6.09 0.205 805
807 7 -6.67 16.47 -6.23 0.205 806
808 7 -6.56 16.63 -6.34 0.205 807
809 7 -6.32 17.05 -6.34 0.205 808
810 7 -6.29 17.15 -6.32 0.205 809
811 7 -6.08 17.46 -6.32 0.205 810
812 7 -5.96 17.61 -6.34 0.205 811
813 7 -5.98 18.15 -6.34 0.205 812
814 7 -10.86 11.51 -4.32 0.165 494
815 7 -10.72 11.58 -4.34 0.165 814
816 7 -10.55 11.78 -4.36 0.165 815
817 7 -10.42 11.86 -4.36 0.165 816
818 7 -10.58 12.33 -4.55 0.165 817
819 7 -10.65 12.47 -4.57 0.165 818
820 7 -10.74 12.61 -4.57 0.165 819
821 7 -10.73 12.8 -4.76 0.165 820
822 7 -10.63 12.95 -4.69 0.165 821
823 7 -10.6 13.07 -4.46 0.165 822
824 7 -10.66 13.49 -4.46 0.165 823
825 7 -10.77 13.72 -4.65 0.165 824
826 7 -10.71 13.94 -4.67 0.165 825
827 7 -10.49 14.05 -4.67 0.165 826
828 7 -10.36 14.21 -4.67 0.165 827
829 7 -10.31 14.62 -4.73 0.125 828
830 7 -10.03 14.77 -4.73 0.125 829
831 7 -9.66 14.96 -4.73 0.125 830
832 7 -9.44 15.09 -4.73 0.125 831
833 7 -9.48 14.79 -4.69 0.125 832
834 7 -9.37 14.57 -4.69 0.125 833
835 7 -9.47 14.42 -4.73 0.125 834
836 7 -9.57 14.27 -4.78 0.125 835
837 7 -9.49 14.12 -4.82 0.125 836
838 7 -9.54 14.02 -4.9 0.125 837
839 7 -9.45 13.86 -4.9 0.125 838
840 7 -9.49 13.76 -4.94 0.125 839
841 7 -9.51 13.66 -4.94 0.125 840
842 7 -9.55 13.54 -4.98 0.125 841
843 7 -9.69 13.27 -4.96 0.125 842
844 7 -9.57 12.87 -4.94 0.125 843
845 7 -9.59 12.76 -4.94 0.125 844
846 7 -9.68 12.71 -4.94 0.125 845
847 7 -12.56 9.95 -5.51 0.37 493
848 7 -12.86 10.16 -5.51 0.37 847
849 7 -12.97 10.2 -5.53 0.37 848
850 7 -13.11 10.31 -5.67 0.37 849
851 7 -13.57 10.45 -5.67 0.37 850
852 7 -13.71 10.36 -5.69 0.37 851
853 7 -14.23 10.65 -4 0.41 852
854 7 -14.64 10.7 -4.15 0.41 853
855 7 -14.74 10.74 -4.15 0.41 854
856 7 -14.9 10.85 -4.15 0.41 855
857 7 -15.57 11.04 -4.15 0.575 856
858 7 -16.03 12.11 -5.53 0.33 857
859 7 -16.08 12.36 -5.53 0.33 858
860 7 -16.01 12.58 -5.53 0.33 859
861 7 -16.08 12.72 -5.65 0.33 860
862 7 -16.07 13.38 -5.65 0.33 861
863 7 -16.65 13.93 -5.36 0.33 862
864 7 -17.41 13.8 -5.86 0.455 863
865 7 -17.99 14.21 -6.32 0.165 864
866 7 -18.11 14.27 -6.32 0.165 865
867 7 -18.32 14.42 -6.09 0.165 866
868 7 -18.45 14.36 -6.09 0.165 867
869 7 -18.63 14.35 -6.13 0.165 868
870 7 -18.83 14.33 -6.32 0.165 869
871 7 -18.93 14.38 -6.32 0.165 870
872 7 -18.96 14.27 -6.42 0.165 871
873 7 -19.03 14.05 -6.42 0.165 872
874 7 -19.06 13.93 -6.42 0.165 873
875 7 -17.42 13.13 -5.9 0.125 864
876 7 -17.46 13.03 -5.9 0.125 875
877 7 -17.56 12.87 -5.96 0.125 876
878 7 -17.66 12.54 -6 0.125 877
879 7 -17.69 12.43 -5.98 0.125 878
880 7 -17.83 12.34 -6.05 0.125 879
881 7 -17.87 12.24 -6.09 0.125 880
882 7 -17.91 12.12 -6.09 0.125 881
883 7 -16.82 14.76 -6 0.125 863
884 7 -16.78 14.87 -6 0.125 883
885 7 -16.9 15.08 -5.57 0.125 884
886 7 -16.87 15.2 -5.57 0.125 885
887 7 -16.88 15.38 -5.57 0.125 886
888 7 -16.78 15.9 -5.92 0.125 887
889 7 -15.64 13.61 -5.86 0.205 862
890 7 -15.27 13.81 -5.86 0.205 889
891 7 -15.1 14.01 -5.86 0.205 890
892 7 -14.96 14.09 -5.86 0.205 891
893 7 -14.92 14.19 -5.98 0.205 892
894 7 -14.82 14.34 -6.01 0.205 893
895 7 -14.68 14.42 -6.26 0.205 894
896 7 -14.55 14.87 -6.28 0.205 895
897 7 -14.5 14.98 -6.28 0.205 896
898 7 -16.33 10.73 -4.98 0.29 857
899 7 -16.46 10.65 -4.98 0.29 898
900 7 -16.59 10.69 -4.98 0.29 899
901 7 -16.72 10.62 -5.03 0.29 900
902 7 -16.99 10.76 -5 0.29 901
903 7 -17.09 10.8 -5 0.29 902
904 7 -17.32 10.85 -4.98 0.165 903
905 7 -17.54 10.92 -5.01 0.165 904
906 7 -17.64 10.96 -5.07 0.165 905
907 7 -17.91 11.1 -5.05 0.165 906
908 7 -18.02 11.13 -5.01 0.165 907
909 7 -18.17 11.23 -5.01 0.165 908
910 7 -18.29 11.26 -5.01 0.165 909
911 7 -18.5 11.51 -5.01 0.165 910
912 7 -18.5 11.51 -5.13 0.165 911
913 7 -18.93 12.14 -5.34 0.165 912
914 7 -18.69 12.54 -5.34 0.165 913
915 7 -19.3 13.34 -5.4 0.165 914
916 7 -19.45 13.43 -5.32 0.165 915
917 7 -19.97 13.55 -5.4 0.165 916
918 7 -13.87 9.44 -6.07 0.125 852
919 7 -14.03 9.25 -6.32 0.125 918
920 7 -14.01 8.88 -6.4 0.125 919
921 7 -13.9 8.66 -6.55 0.125 920
922 7 -13.77 8.55 -6.55 0.125 921
923 7 -13.65 8.53 -6.55 0.125 922
924 7 -13.39 8.39 -6.55 0.125 923
925 7 -13.31 8.24 -6.55 0.125 924
926 7 -13.41 7.54 -6.59 0.125 925
927 7 -13.47 7.51 -6.69 0.125 926
928 7 -13.36 7.28 -6.69 0.125 927
929 7 -13.38 7.17 -6.69 0.125 928
930 7 -10.34 6.21 -3.67 0.29 480
931 7 -9.71 5.7 -3.69 0.29 930
932 7 -9.47 5.63 -4 0.29 931
933 7 -9.05 4.83 -2.75 0.165 932
934 7 -9.08 4.53 -2.91 0.165 933
935 7 -9.08 4.53 -3.19 0.165 934
936 7 -8.92 4.24 -3.23 0.165 935
937 7 -8.81 4.02 -3.24 0.165 936
938 7 -8.66 4.1 -3.42 0.165 937
939 7 -8.37 4.26 -3.51 0.165 938
940 7 -8.19 4.27 -3.65 0.165 939
941 7 -8.02 4.26 -3.69 0.165 940
942 7 -7.61 4.4 -3.75 0.165 941
943 7 -7.5 4.37 -3.93 0.165 942
944 7 -7.51 3.7 -3.93 0.165 943
945 7 -7.55 3.6 -3.93 0.165 944
946 7 -7.5 3.52 -3.77 0.165 945
947 7 -7.54 3.22 -3.77 0.165 946
948 7 -8.75 5.83 -3.91 0.205 932
949 7 -8.54 5.95 -3.91 0.205 948
950 7 -8.15 6.25 -3.91 0.205 949
951 7 -8.01 6.33 -3.97 0.205 950
952 7 -7.76 6.36 -4.28 0.205 951
953 7 -7.6 6.46 -4.5 0.205 952
954 7 -7.57 5.73 -4.57 0.125 953
955 7 -7.71 5.09 -4.82 0.125 954
956 7 -7.58 4.88 -4.92 0.125 955
957 7 -7.58 4.88 -4.36 0.125 956
958 7 -7.5 4.72 -4.36 0.125 957
959 7 -7.66 6.89 -4.69 0.125 953
960 7 -7.77 6.92 -4.73 0.125 959
961 7 -8.02 7.08 -4.73 0.125 960
962 7 -8.14 7.1 -4.82 0.125 961
963 7 -8.3 7.38 -4.57 0.125 962
964 7 -8.25 7.5 -4.57 0.125 963
965 7 -8.3 7.76 -4.57 0.125 964
966 7 -8.31 7.93 -4.57 0.125 965
967 7 -8.29 8.05 -4.57 0.125 966
968 7 -8.32 8.31 -4.57 0.125 967
969 7 -8.3 8.6 -4.59 0.125 968
970 7 -8.25 8.71 -4.59 0.125 969
971 7 -8.27 8.9 -4.59 0.125 970
972 7 -11.88 5.93 -3.15 0.29 479
973 7 -12.33 5.88 -3.5 0.29 972
974 7 -12.51 5.88 -3.5 0.29 973
975 7 -12.61 5.91 -3.5 0.29 974
976 7 -12.84 5.96 -4.19 0.29 975
977 7 -12.95 6 -4.78 0.29 976
978 7 -13.08 6.12 -4.94 0.29 977
979 7 -13.19 6.14 -4.94 0.29 978
980 7 -13.4 6.32 -5.09 0.29 979
981 7 -13.47 6.29 -5.17 0.29 980
982 7 -13.93 6.13 -4.15 0.41 981
983 7 -14.09 6.05 -3.93 0.41 982
984 7 -14.18 6.09 -3.91 0.41 983
985 7 -14.27 6.24 -3.91 0.41 984
986 7 -14.61 6.5 -4.61 0.41 985
987 7 -14.75 6.43 -4.76 0.41 986
988 7 -14.87 6.47 -4.76 0.41 987
989 7 -15.2 6.57 -4.19 0.41 988
990 7 -15.34 6.51 -4.51 0.41 989
991 7 -15.34 6.51 -4.84 0.41 990
992 7 -16.12 6.55 -4.73 0.245 991
993 7 -16.42 6.76 -4.55 0.245 992
994 7 -16.57 6.87 -4.48 0.245 993
995 7 -16.64 7.01 -5.01 0.245 994
996 7 -17.28 7.5 -5.48 0.125 995
997 7 -17.36 7.65 -5.44 0.125 996
998 7 -17.58 7.9 -4.92 0.125 997
999 7 -17.75 8 -4.92 0.125 998
1000 7 -9.16 2.44 -1.62 0.29 465
1001 7 -9.24 2.4 -1.6 0.29 1000
1002 7 -9.65 2.46 -1.25 0.29 1001
1003 7 -9.86 2.53 -1.12 0.29 1002
1004 7 -10.01 2.45 -1.08 0.29 1003
1005 7 -10.13 2.67 -1.08 0.29 1004
1006 7 -10.21 2.63 -1.12 0.29 1005
1007 7 -10.21 2.63 -1.37 0.29 1006
1008 7 -10.46 2.78 -1.87 0.29 1007
1009 7 -10.61 3.05 -2.01 0.29 1008
1010 7 -10.76 3.35 -2.24 0.29 1009
1011 7 -10.8 3.44 -2.24 0.29 1010
1012 7 -11.44 3.72 -2.25 0.29 1011
1013 7 -11.63 3.72 -2.25 0.29 1012
1014 7 -11.75 3.76 -2.25 0.29 1013
1015 7 -11.88 3.86 -2.25 0.29 1014
1016 7 -12.11 4.13 -2.25 0.29 1015
1017 7 -12.22 4.14 -2.25 0.29 1016
1018 7 -5.01 1.96 0.4 0.205 463
1019 7 -4.77 2.38 0.4 0.205 1018
1020 7 -4.73 2.48 0.4 0.205 1019
1021 7 -4.67 2.71 0.4 0.205 1020
1022 7 -0.9 -2.24 1.86 1.48 1
1023 7 -0.77 -2.83 1.86 1.48 1022
1024 7 0.85 -3.32 1 0.825 1023
1025 7 0.35 -4.13 2.75 1.315 1024
1026 7 2.63 -4.02 1.61 0.74 1025
1027 7 3.4 -4.26 1.61 0.905 1026
1028 7 3.75 -4.36 1.61 0.905 1027
1029 7 4.11 -4.54 1.61 0.905 1028
1030 7 5.76 -4.49 1.35 0.575 1029
1031 7 5.87 -4.54 1.35 0.575 1030
1032 7 7.07 -4.53 1.32 0.41 1031
1033 7 7.23 -4.64 1.25 0.41 1032
1034 7 7.96 -4.62 1 0.29 1033
1035 7 8.04 -4.77 1 0.29 1034
1036 7 8.15 -4.79 1 0.29 1035
1037 7 8.26 -4.83 1 0.29 1036
1038 7 8.56 -4.85 1 0.29 1037
1039 7 8.66 -4.89 1 0.29 1038
1040 7 8.89 -4.95 1 0.29 1039
1041 7 8.99 -4.99 0.97 0.29 1040
1042 7 9.03 -5.07 0.91 0.29 1041
1043 7 9.31 -5.21 0.91 0.29 1042
1044 7 9.38 -5.34 1.07 0.29 1043
1045 7 9.52 -5.46 1 0.29 1044
1046 7 10.1 -6.17 0.67 0.205 1045
1047 7 10.3 -6.54 0.4 0.205 1046
1048 7 10.38 -6.68 0.36 0.205 1047
1049 7 10.48 -6.72 0.36 0.205 1048
1050 7 10.97 -6.75 0.36 0.205 1049
1051 7 11.3 -6.85 0.5 0.205 1050
1052 7 11.44 -6.78 0.5 0.205 1051
1053 7 11.65 -6.83 0.55 0.205 1052
1054 7 11.81 -6.75 0.55 0.205 1053
1055 7 12.65 -6.96 1.11 0.205 1054
1056 7 12.8 -7.06 1.11 0.205 1055
1057 7 13.35 -7.04 1 0.205 1056
1058 7 13.76 -7.28 1 0.205 1057
1059 7 13.88 -7.32 0.99 0.205 1058
1060 7 14.06 -7.32 0.97 0.205 1059
1061 7 14.23 -7.31 0.97 0.205 1060
1062 7 14.43 -7.31 0.97 0.205 1061
1063 7 14.53 -7.35 0.97 0.205 1062
1064 7 14.86 -7.45 1.07 0.205 1063
1065 7 15.32 -7.76 1.12 0.205 1064
1066 7 15.73 -8.01 1.24 0.205 1065
1067 7 16.25 -8.09 1.11 0.205 1066
1068 7 16.25 -8.09 0.86 0.205 1067
1069 7 16.68 -8.23 0.85 0.205 1068
1070 7 16.87 -8.24 0.98 0.205 1069
1071 7 17.23 -8.22 1.47 0.205 1070
1072 7 17.38 -8.32 1.49 0.205 1071
1073 7 17.46 -8.27 1.49 0.205 1072
1074 7 18.23 -8.35 0.46 0.245 1073
1075 7 18.59 -8.15 0.46 0.245 1074
1076 7 19 -8.22 0.37 0.245 1075
1077 7 19.21 -8.1 0.28 0.245 1076
1078 7 19.55 -8 0.27 0.245 1077
1079 7 19.76 -7.88 0.34 0.245 1078
1080 7 19.86 -7.75 0.34 0.245 1079
1081 7 19.94 -7.71 0.4 0.245 1080
1082 7 20.08 -7.63 0.37 0.245 1081
1083 7 19.63 -6.93 0.36 0.33 1082
1084 7 19.87 -6.52 0.5 0.245 1083
1085 7 20.15 -6.37 1.07 0.245 1084
1086 7 20.44 -6.05 1.07 0.245 1085
1087 7 20.5 -5.8 0.8 0.245 1086
1088 7 20.71 -5.69 -0.05 0.245 1087
1089 7 20.93 -5.58 -0.05 0.245 1088
1090 7 21.03 -5.61 0.05 0.245 1089
1091 7 21.24 -5.79 0.05 0.245 1090
1092 7 21.41 -5.97 0.27 0.245 1091
1093 7 21.97 -5.78 0.37 0.245 1092
1094 7 22.08 -5.8 0.37 0.245 1093
1095 7 22.22 -5.73 0.37 0.245 1094
1096 7 22.43 -5.61 0.5 0.245 1095
1097 7 22.56 -5.64 0.2 0.245 1096
1098 7 18.89 -7.15 0.1 0.205 1083
1099 7 18.73 -6.84 0.61 0.205 1098
1100 7 18.62 -6.64 0.61 0.205 1099
1101 7 18.47 -6.36 0.27 0.205 1100
1102 7 18.57 -6.02 0.27 0.205 1101
1103 7 18.49 -5.87 0.2 0.205 1102
1104 7 18.1 -5.51 0.55 0.205 1103
1105 7 17.75 -5.7 0 0.205 1104
1106 7 17.57 -5.72 -0.05 0.205 1105
1107 7 17.46 -5.68 -0.05 0.205 1106
1108 7 17.31 -5.77 0.2 0.205 1107
1109 7 17.17 -5.84 0.79 0.205 1108
1110 7 17.03 -5.91 0.79 0.205 1109
1111 7 20.57 -7.83 0.27 0.125 1082
1112 7 20.68 -7.86 0.27 0.125 1111
1113 7 20.93 -7.83 0.56 0.125 1112
1114 7 21.04 -7.86 0.56 0.125 1113
1115 7 21.52 -7.7 0.4 0.125 1114
1116 7 21.7 -7.68 0.34 0.125 1115
1117 7 21.92 -7.56 0.34 0.125 1116
1118 7 22.16 -7.36 0.37 0.125 1117
1119 7 22.38 -7.23 0.56 0.125 1118
1120 7 22.49 -7.09 0.56 0.125 1119
1121 7 22.67 -6.89 0.56 0.125 1120
1122 7 23.02 -6.7 0.4 0.125 1121
1123 7 23.14 -6.74 0.4 0.125 1122
1124 7 10.06 -5.26 0.67 0.125 1045
1125 7 10.35 -5.1 0.67 0.125 1124
1126 7 11.16 -5.23 0.62 0.125 1125
1127 7 11.28 -5.27 0.68 0.125 1126
1128 7 11.82 -5.06 0.37 0.125 1127
1129 7 11.97 -4.97 0.36 0.125 1128
1130 7 12.14 -4.8 0.36 0.125 1129
1131 7 12.14 -4.8 0.67 0.125 1130
1132 7 12.03 -4.58 0.31 0.125 1131
1133 7 11.95 -4.43 0.09 0.125 1132
1134 7 11.71 -4.36 0.09 0.125 1133
1135 7 11.5 -4.1 0.28 0.125 1134
1136 7 11.39 -4.09 0.67 0.125 1135
1137 7 11.3 -3.94 0.67 0.125 1136
1138 7 11.17 -4.01 0.67 0.125 1137
1139 7 10.98 -4.02 0.49 0.125 1138
1140 7 10.72 -4.06 0.49 0.125 1139
1141 7 10.72 -4.06 0.31 0.125 1140
1142 7 7.17 -5.05 0.92 0.125 1033
1143 7 6.84 -5.31 0.92 0.125 1142
1144 7 6.82 -5.42 1 0.125 1143
1145 7 6.74 -5.46 0.98 0.125 1144
1146 7 6.51 -5.58 0.98 0.125 1145
1147 7 6.46 -5.8 0.73 0.125 1146
1148 7 6.14 -6.24 0.73 0.125 1147
1149 7 5.66 -6.4 0.67 0.125 1148
1150 7 5.13 -6.61 0.67 0.125 1149
1151 7 5.05 -6.66 0.49 0.125 1150
1152 7 4.86 -6.65 0.49 0.125 1151
1153 7 4.69 -6.64 0.49 0.125 1152
1154 7 4.43 -6.7 0.49 0.125 1153
1155 7 4.15 -6.86 0.5 0.125 1154
1156 7 4.01 -7.11 0.5 0.125 1155
1157 7 4.44 -5.67 1.57 0.29 1029
1158 7 4.69 -5.81 1.57 0.29 1157
1159 7 4.91 -5.89 1.57 0.29 1158
1160 7 5.05 -5.99 1.61 0.29 1159
1161 7 5.19 -6.02 1.61 0.29 1160
1162 7 5.61 -6.14 1.5 0.29 1161
1163 7 5.73 -6.18 1.5 0.29 1162
1164 7 5.94 -6.07 1.35 0.29 1163
1165 7 6.23 -6.09 1.36 0.29 1164
1166 7 6.62 -6.09 0.75 0.165 1165
1167 7 6.8 -6.27 1 0.165 1166
1168 7 6.91 -6.31 1 0.165 1167
1169 7 6.98 -6.45 1 0.165 1168
1170 7 7.16 -6.44 0.87 0.165 1169
1171 7 7.28 -6.47 0.79 0.165 1170
1172 7 7.61 -6.57 0.79 0.165 1171
1173 7 7.88 -6.71 1.11 0.165 1172
1174 7 7.99 -6.75 1.11 0.165 1173
1175 7 8.14 -6.68 1.11 0.165 1174
1176 7 8.14 -6.68 0.8 0.165 1175
1177 7 8.94 -6.99 0.73 0.165 1176
1178 7 9.07 -7.01 0.73 0.165 1177
1179 7 9.26 -7.19 0.73 0.165 1178
1180 7 1.29 -4.37 3.23 1.03 1025
1181 7 2.1 -4.97 3.23 1.03 1180
1182 7 3.1 -5.47 3.23 0.78 1181
1183 7 3.42 -5.56 3.25 0.78 1182
1184 7 4.13 -5.84 3.15 0.66 1183
1185 7 4.76 -5.97 2.9 0.66 1184
1186 7 5.34 -5.91 3.41 0.66 1185
1187 7 6.56 -6.3 3 0.535 1186
1188 7 6.63 -6.45 3 0.535 1187
1189 7 6.94 -6.65 3 0.535 1188
1190 7 7.05 -6.87 3 0.535 1189
1191 7 7.17 -6.91 3 0.535 1190
1192 7 7.31 -6.83 3 0.535 1191
1193 7 8.23 -6.62 3 0.615 1192
1194 7 9.25 -6.64 2.5 0.495 1193
1195 7 9.41 -6.73 2.5 0.495 1194
1196 7 9.66 -6.69 2.5 0.495 1195
1197 7 9.88 -6.57 2.5 0.495 1196
1198 7 9.99 -6.6 2.5 0.495 1197
1199 7 10.59 -6.55 2.45 0.37 1198
1200 7 10.76 -6.66 2.45 0.37 1199
1201 7 10.88 -6.69 2.45 0.37 1200
1202 7 11.05 -6.87 2.45 0.37 1201
1203 7 11.73 -7.45 2.44 0.205 1202
1204 7 11.93 -7.62 2.27 0.205 1203
1205 7 12.63 -7.89 2.75 0.33 1204
1206 7 12.73 -7.92 2.67 0.33 1205
1207 7 13.18 -8.07 2.54 0.33 1206
1208 7 13.38 -8.25 2.54 0.33 1207
1209 7 14.26 -8.51 2.5 0.66 1208
1210 7 14.3 -8.59 2.54 0.66 1209
1211 7 15.31 -8.4 2.2 0.37 1210
1212 7 15.61 -8.25 2.2 0.37 1211
1213 7 16.24 -8.38 2.2 0.37 1212
1214 7 16.38 -8.31 2.2 0.37 1213
1215 7 16.5 -8.33 2.2 0.37 1214
1216 7 16.71 -8.21 2.2 0.37 1215
1217 7 16.82 -8.26 2.2 0.37 1216
1218 7 17.02 -8.44 2.2 0.37 1217
1219 7 16.99 -8.74 2.2 0.37 1218
1220 7 16.94 -8.85 2.2 0.37 1219
1221 7 16.82 -8.92 2.2 0.37 1220
1222 7 17.25 -9.05 2.2 0.37 1221
1223 7 17.44 -9.05 2.2 0.37 1222
1224 7 17.61 -9.04 2.2 0.37 1223
1225 7 17.72 -9.07 2.2 0.37 1224
1226 7 18.49 -8.76 2.25 0.245 1225
1227 7 18.67 -8.76 2.25 0.245 1226
1228 7 18.81 -8.69 2.72 0.245 1227
1229 7 18.88 -8.65 2.52 0.245 1228
1230 7 19.8 -8.07 1.75 0.29 1229
1231 7 20.42 -8.19 0.81 0.165 1230
1232 7 20.63 -8.08 0.81 0.165 1231
1233 7 20.75 -8.11 0.81 0.165 1232
1234 7 21.03 -8.13 0.86 0.165 1233
1235 7 21.26 -8.2 0.55 0.165 1234
1236 7 21.43 -8.2 0.55 0.165 1235
1237 7 21.99 -8.01 0.55 0.165 1236
1238 7 22.5 -7.73 0.81 0.165 1237
1239 7 22.6 -7.76 0.81 0.165 1238
1240 7 22.7 -7.8 0.81 0.165 1239
1241 7 22.78 -7.76 0.72 0.165 1240
1242 7 19.49 -7.48 1.62 0.165 1230
1243 7 19.46 -7.29 1.59 0.165 1242
1244 7 19.49 -7 1.84 0.165 1243
1245 7 19.38 -6.78 1.84 0.165 1244
1246 7 19.08 -6.58 1.45 0.165 1245
1247 7 18.97 -6.53 1.45 0.165 1246
1248 7 18.77 -6.55 1.45 0.165 1247
1249 7 18.22 -6.37 1.5 0.165 1248
1250 7 17.97 -6.24 1.22 0.165 1249
1251 7 17.85 -6.01 1.22 0.165 1250
1252 7 17.24 -5.6 1.36 0.165 1251
1253 7 17.04 -5.54 1.36 0.165 1252
1254 7 16.96 -5.58 1.25 0.165 1253
1255 7 16.78 -5.58 0.93 0.165 1254
1256 7 16.41 -5.78 0.81 0.165 1255
1257 7 16.27 -5.85 1.2 0.165 1256
1258 7 16.17 -6 1.09 0.165 1257
1259 7 16.17 -6.19 1.09 0.165 1258
1260 7 16.51 -6.84 0.87 0.165 1259
1261 7 16.47 -7.43 1.09 0.165 1260
1262 7 16.47 -7.6 1 0.165 1261
1263 7 19.39 -9.4 2.2 0.125 1229
1264 7 19.54 -9.68 2.15 0.125 1263
1265 7 19.74 -10.05 1.97 0.125 1264
1266 7 19.92 -10.05 1.97 0.125 1265
1267 7 20 -10 2.02 0.125 1266
1268 7 20.1 -10.05 2.02 0.125 1267
1269 7 14.34 -9.88 1.87 0.205 1210
1270 7 14.31 -9.99 1.87 0.205 1269
1271 7 14.13 -10.16 1.87 0.205 1270
1272 7 14.19 -10.25 1.87 0.205 1271
1273 7 13.88 -10.58 1.87 0.205 1272
1274 7 13.64 -10.81 1.87 0.205 1273
1275 7 13.8 -11.29 1.87 0.37 1274
1276 7 13.92 -11.32 1.87 0.37 1275
1277 7 14.16 -11.27 1.87 0.37 1276
1278 7 14.28 -11.31 1.87 0.37 1277
1279 7 14.49 -11.2 1.84 0.37 1278
1280 7 14.91 -11.99 1.84 0.205 1279
1281 7 15.02 -12.03 1.7 0.205 1280
1282 7 15.1 -12.17 1.45 0.205 1281
1283 7 15.24 -12.75 1.45 0.205 1282
1284 7 15.25 -12.95 1.61 0.205 1283
1285 7 15.32 -13.08 1.61 0.205 1284
1286 7 15.6 -13.4 1.37 0.205 1285
1287 7 15.88 -13.62 1.37 0.205 1286
1288 7 16.01 -13.65 1.37 0.205 1287
1289 7 16.08 -13.79 1.36 0.205 1288
1290 7 16.08 -13.79 1.11 0.205 1289
1291 7 16.22 -13.9 1 0.205 1290
1292 7 16.33 -13.93 1 0.205 1291
1293 7 16.67 -14.23 1.07 0.205 1292
1294 7 16.71 -14.3 0.93 0.205 1293
1295 7 17.17 -15.17 0.74 0.125 1294
1296 7 16.99 -15.16 0.67 0.125 1295
1297 7 16.7 -15.32 0.56 0.125 1296
1298 7 16.42 -15.47 0.8 0.125 1297
1299 7 16.35 -15.33 0.67 0.125 1298
1300 7 16.29 -15.07 0.67 0.125 1299
1301 7 16.18 -14.85 0.61 0.125 1300
1302 7 16.03 -14.93 0.61 0.125 1301
1303 7 15.86 -14.94 0.56 0.125 1302
1304 7 15.63 -14.88 0.68 0.125 1303
1305 7 15.53 -14.84 0.68 0.125 1304
1306 7 15.45 -14.89 0.8 0.125 1305
1307 7 17.31 -14.52 0.87 0.125 1294
1308 7 17.43 -14.75 0.87 0.125 1307
1309 7 17.92 -15.14 0.81 0.125 1308
1310 7 18 -15.29 0.81 0.125 1309
1311 7 18.12 -15.69 0.81 0.125 1310
1312 7 18.12 -15.88 0.81 0.125 1311
1313 7 15.13 -10.67 1.84 0.245 1279
1314 7 15.75 -10.6 1.84 0.245 1313
1315 7 15.94 -10.77 1.62 0.245 1314
1316 7 16.03 -10.93 1.62 0.245 1315
1317 7 16.44 -11.17 1.62 0.245 1316
1318 7 16.57 -11.28 1.62 0.245 1317
1319 7 16.82 -11.35 1.74 0.245 1318
1320 7 16.91 -11.38 1.75 0.245 1319
1321 7 17.13 -11.26 1.62 0.245 1320
1322 7 17.29 -11.18 1.62 0.245 1321
1323 7 17.43 -10.92 1.95 0.245 1322
1324 7 17.66 -10.7 1.37 0.125 1323
1325 7 17.79 -10.73 1.62 0.125 1324
1326 7 17.97 -10.74 1.74 0.125 1325
1327 7 18.23 -10.86 1.57 0.125 1326
1328 7 18.26 -10.94 1.49 0.125 1327
1329 7 18.38 -11.15 1.49 0.125 1328
1330 7 18.31 -11.39 1.47 0.125 1329
1331 7 18.33 -11.56 1.47 0.125 1330
1332 7 9.48 -8.1 2.75 0.125 1193
1333 7 9.86 -8.63 3.01 0.125 1332
1334 7 9.99 -8.85 3.01 0.125 1333
1335 7 10.24 -8.81 2.96 0.125 1334
1336 7 4.27 -6 3.52 0.29 1186
1337 7 3.85 -6.1 3.52 0.29 1336
1338 7 3.64 -6.22 3.52 0.29 1337
1339 7 3.68 -6.31 3.52 0.29 1338
1340 7 3.23 -6.83 3.44 0.125 1339
1341 7 3.23 -6.83 3.25 0.125 1340
1342 7 3.21 -7.3 3.25 0.125 1341
1343 7 3.24 -7.57 3.15 0.125 1342
1344 7 3.2 -7.68 3.15 0.125 1343
1345 7 3.21 -8.04 3.5 0.125 1344
1346 7 3.31 -8.55 3.63 0.125 1345
1347 7 3.43 -8.76 3.44 0.125 1346
1348 7 3.43 -8.96 3.01 0.125 1347
1349 7 3.7 -9.1 3.01 0.125 1348
1350 7 3.89 -9.08 3 0.125 1349
1351 7 4.06 -9.09 3.15 0.125 1350
1352 7 4.2 -9.01 3.15 0.125 1351
1353 7 4.64 -6.54 3.26 0.125 1339
1354 7 4.75 -6.75 3.75 0.125 1353
1355 7 4.89 -6.78 3.75 0.125 1354
1356 7 5.06 -6.78 3.75 0.125 1355
1357 7 5.36 -6.99 3.72 0.125 1356
1358 7 5.43 -7.13 3.48 0.125 1357
1359 7 5.55 -7.35 3.39 0.125 1358
1360 7 5.66 -7.56 3.39 0.125 1359
1361 7 5.87 -7.94 3.27 0.125 1360
1362 7 5.91 -8.18 3.27 0.125 1361
1363 7 5.91 -8.38 3.27 0.125 1362
1364 7 5.81 -8.51 3.15 0.125 1363
1365 7 5.86 -8.58 3 0.125 1364
1366 7 5.6 -8.63 3 0.125 1365
1367 7 5.52 -8.68 3.25 0.125 1366
1368 7 5.34 -8.69 3.4 0.125 1367
1369 7 4.91 -8.92 3.4 0.125 1368
1370 7 4.91 -8.92 3.25 0.125 1369
1371 7 4.86 -9.02 3.01 0.125 1370
1372 7 4.97 -9.53 3.25 0.125 1371
1373 7 4.78 -9.73 3.25 0.125 1372
1374 7 5.01 -6.76 2.75 0.29 1185
1375 7 5.01 -6.96 2.8 0.29 1374
1376 7 4.91 -7.29 2.8 0.29 1375
1377 7 4.77 -7.36 2.8 0.29 1376
1378 7 4.38 -7.66 2.75 0.29 1377
1379 7 4.42 -7.74 2.75 0.29 1378
1380 7 4.38 -7.85 2.42 0.29 1379
1381 7 4.59 -8.78 2.3 0.165 1380
1382 7 4.75 -9.07 2.23 0.165 1381
1383 7 4.76 -9.42 2.23 0.165 1382
1384 7 4.72 -9.55 2.23 0.165 1383
1385 7 -0.46 -4.28 0.81 0.245 1024
1386 7 -0.79 -4.91 0.81 0.245 1385
1387 7 -0.96 -5.95 0 0.245 1386
1388 7 -0.36 -6.37 -0.43 0.205 1387
1389 7 -0.1 -6.7 -0.61 0.205 1388
1390 7 -0.01 -6.85 -0.61 0.205 1389
1391 7 0.21 -7.31 -0.75 0.205 1390
1392 7 0.33 -7.53 -0.81 0.205 1391
1393 7 0.32 -7.71 -0.81 0.205 1392
1394 7 0.35 -7.89 -0.81 0.205 1393
1395 7 0.62 -8.4 -0.93 0.205 1394
1396 7 0.53 -8.62 -0.93 0.205 1395
1397 7 0.8 -9.14 -1.07 0.205 1396
1398 7 0.8 -9.14 -1.12 0.205 1397
1399 7 0.98 -9.6 -1.22 0.205 1398
1400 7 1.03 -9.85 -1.22 0.205 1399
1401 7 0.81 -10.16 -1.24 0.205 1400
1402 7 0.38 -10.57 -0.99 0.245 1401
1403 7 0.24 -10.85 -1.07 0.245 1402
1404 7 0.32 -10.98 -1.07 0.245 1403
1405 7 -0.18 -11.22 -1.11 0.245 1404
1406 7 -0.36 -11.23 -1.11 0.245 1405
1407 7 -0.77 -11.35 -1.24 0.165 1406
1408 7 -1.03 -11.51 -1.24 0.165 1407
1409 7 -1.12 -11.34 -1.36 0.165 1408
1410 7 -1.36 -11.12 -1.36 0.165 1409
1411 7 -1.52 -10.81 -1.36 0.165 1410
1412 7 -1.63 -10.79 -1.36 0.165 1411
1413 7 -1.7 -10.64 -1.45 0.165 1412
1414 7 -1.91 -10.57 -1.45 0.165 1413
1415 7 -2.4 -10.92 -1.57 0.165 1414
1416 7 -2.75 -11.11 -1.37 0.165 1415
1417 7 -2.92 -11.29 -1.36 0.165 1416
1418 7 -2.77 -11.77 -1.37 0.165 1417
1419 7 -2.79 -11.88 -1.37 0.165 1418
1420 7 -0.64 -10.54 -1 0.165 1406
1421 7 -0.73 -10.38 -1.11 0.165 1420
1422 7 -0.88 -10.11 -1.32 0.165 1421
1423 7 -1.03 -9.82 -1.37 0.165 1422
1424 7 -0.95 -9.78 -1.45 0.165 1423
1425 7 -0.92 -9.65 -1.45 0.165 1424
1426 7 -0.86 -9.45 -1.45 0.165 1425
1427 7 -0.66 -8.77 -1.5 0.165 1426
1428 7 1.02 -11.06 -1.12 0.165 1401
1429 7 1.19 -11.73 -1.2 0.165 1428
1430 7 1.11 -11.77 -1.25 0.165 1429
1431 7 1.13 -12.13 -1.25 0.165 1430
1432 7 1.13 -12.32 -1.25 0.165 1431
1433 7 1.3 -12.8 -1.25 0.165 1432
1434 7 1.31 -12.98 -1.25 0.165 1433
1435 7 0.63 -7.37 -1 0.125 1394
1436 7 0.76 -7.47 -1.12 0.125 1435
1437 7 0.88 -7.51 -1.12 0.125 1436
1438 7 0.95 -7.66 -1.25 0.125 1437
1439 7 1.06 -7.69 -1.49 0.125 1438
1440 7 1.42 -7.68 -1.57 0.125 1439
1441 7 1.76 -7.79 -1.57 0.125 1440
1442 7 1.95 -7.77 -1.57 0.125 1441
1443 7 2.05 -7.81 -1.57 0.125 1442
1444 7 2.13 -7.76 -1.57 0.125 1443
1445 7 2.25 -7.81 -1.59 0.125 1444
1446 7 -0.98 -6.62 -1.86 0.125 1388
1447 7 -1.34 -6.81 -1.86 0.125 1446
1448 7 -1.51 -6.98 -1.86 0.125 1447
1449 7 -1.67 -7.06 -1.86 0.125 1448
1450 7 -2.06 -7.38 -1.86 0.125 1449
1451 7 -2.19 -8.02 -1.86 0.125 1450
1452 7 -2.06 -8.4 -1.86 0.165 1451
1453 7 -2.09 -8.51 -1.86 0.165 1452
1454 7 -2.53 -8.93 -1.86 0.165 1453
1455 7 -2.62 -9.09 -1.86 0.165 1454
1456 7 -2.73 -9.23 -1.86 0.165 1455
1457 7 -2.7 -9.97 -1.86 0.165 1456
1458 7 -1.37 -5.71 -0.1 0.125 1387
1459 7 -1.56 -5.53 -0.1 0.125 1458
1460 7 -1.65 -5.37 -0.1 0.125 1459
1461 7 -1.73 -5.23 0.1 0.125 1460
1462 7 -2.2 -5.39 -0.18 0.125 1461
1463 7 -2.42 -5.51 -0.18 0.125 1462
1464 7 -2.49 -5.54 0 0.125 1463
1465 7 -2.75 -5.41 0 0.125 1464
1466 7 -2.89 -5.13 0 0.125 1465
1467 7 -0.31 -5.41 0.81 0.205 1386
1468 7 -0.03 -5.27 0.81 0.205 1467
1469 7 0.12 -5.39 0.81 0.205 1468
1470 7 0.25 -5.51 0.81 0.205 1469
1471 7 0.5 -5.57 0.81 0.205 1470
1472 7 0.64 -5.69 0.81 0.205 1471
1473 7 0.75 -5.72 0.81 0.205 1472
1474 7 0.81 -6.15 0.81 0.125 1473
1475 7 0.81 -6.53 0.87 0.125 1474
1476 7 0.89 -6.85 0.87 0.125 1475
1477 7 1.01 -7.05 0.87 0.125 1476
1478 7 1.12 -7.11 0.87 0.125 1477
1479 7 -2.4 -3.41 1.57 0.495 1023
1480 7 -3.39 -3.31 1.61 0.495 1479
1481 7 -3.47 -3.16 1.85 0.495 1480
1482 7 -3.61 -3.06 1.86 0.495 1481
1483 7 -3.85 -2.99 1.62 0.495 1482
1484 7 -4.13 -2.78 1.47 0.495 1483
1485 7 -4.65 -2.68 1.5 0.495 1484
1486 7 -4.76 -2.65 1.5 0.495 1485
1487 7 -4.88 -2.63 1.5 0.495 1486
1488 7 -5.1 -2.55 1.37 0.495 1487
1489 7 -5.22 -2.51 1.37 0.495 1488
1490 7 -5.43 -2.45 1.49 0.495 1489
1491 7 -6.01 -2.09 1.23 0.495 1490
1492 7 -6.77 -2.04 2.15 0.7 1491
1493 7 -7.63 -1.67 1.1 0.575 1492
1494 7 -8.52 -1.03 0.86 0.575 1493
1495 7 -8.68 -0.93 0.62 0.575 1494
1496 7 -9.28 -0.69 0.56 0.575 1495
1497 7 -9.56 -0.46 0.46 0.575 1496
1498 7 -9.65 -0.32 0.37 0.575 1497
1499 7 -9.91 -0.19 0.37 0.575 1498
1500 7 -10.05 -0.26 0.56 0.575 1499
1501 7 -10.21 -0.16 0.56 0.575 1500
1502 7 -10.34 -0.06 0.56 0.575 1501
1503 7 -10.66 0 0.4 0.575 1502
1504 7 -11.59 0 0.56 0.495 1503
1505 7 -11.78 0 0.56 0.495 1504
1506 7 -12.4 0.02 0.56 0.495 1505
1507 7 -12.44 0.1 0.6 0.495 1506
1508 7 -13.11 0.1 1 0.66 1507
1509 7 -13.98 0.86 1 1.03 1508
1510 7 -14.3 0.96 0.98 0.905 1509
1511 7 -14.51 -0.26 -0.55 0.37 1510
1512 7 -14.67 -0.32 -0.55 0.37 1511
1513 7 -14.79 -0.27 -0.55 0.37 1512
1514 7 -15 -0.39 -0.55 0.37 1513
1515 7 -15.23 -0.33 -0.55 0.37 1514
1516 7 -15.3 -0.21 -0.55 0.37 1515
1517 7 -15.4 -0.17 -0.55 0.37 1516
1518 7 -15.56 -0.06 -0.6 0.37 1517
1519 7 -15.68 0.04 -0.6 0.37 1518
1520 7 -15.75 0.18 -0.6 0.37 1519
1521 7 -16.5 0.36 -0.6 0.205 1520
1522 7 -16.61 0.56 -0.6 0.205 1521
1523 7 -16.93 0.49 -0.6 0.205 1522
1524 7 -17.02 0.43 -0.6 0.205 1523
1525 7 -17.08 0.04 -0.6 0.205 1524
1526 7 -17.09 0 -0.6 0.205 1525
1527 7 -17.75 -0.32 -0.62 0.205 1526
1528 7 -17.75 -0.32 -0.75 0.205 1527
1529 7 -17.86 -0.44 -0.4 0.205 1528
1530 7 -17.98 -0.59 -0.37 0.205 1529
1531 7 -18.08 -0.75 -0.49 0.205 1530
1532 7 -18.04 -0.83 -0.81 0.205 1531
1533 7 -18.29 -1.04 -0.62 0.205 1532
1534 7 -18.79 -1.3 -0.62 0.205 1533
1535 7 -18.9 -1.47 -0.55 0.205 1534
1536 7 -18.9 -1.83 -0.62 0.205 1535
1537 7 -18.9 -1.83 -0.91 0.205 1536
1538 7 -18.98 -1.97 -1 0.205 1537
1539 7 -19.02 -2.09 -0.68 0.205 1538
1540 7 -19.16 -2.16 -0.62 0.205 1539
1541 7 -19.16 -2.16 -0.75 0.205 1540
1542 7 -19.52 -2.72 -0.5 0.165 1541
1543 7 -19.76 -3.14 -0.5 0.165 1542
1544 7 -19.88 -3.3 -0.67 0.165 1543
1545 7 -19.93 -3.51 -0.72 0.165 1544
1546 7 -19.97 -3.63 -0.72 0.165 1545
1547 7 -20.54 -3.94 -0.67 0.165 1546
1548 7 -21.11 -4.42 -0.68 0.165 1547
1549 7 -21.41 -4.57 -0.75 0.165 1548
1550 7 -21.87 -4.74 -0.68 0.165 1549
1551 7 -15.39 1.58 -1.32 0.29 1510
1552 7 -15.53 1.51 -1.32 0.29 1551
1553 7 -15.76 1.58 -1.32 0.29 1552
1554 7 -16 1.54 -1.25 0.29 1553
1555 7 -16.16 1.44 -1.25 0.29 1554
1556 7 -16.41 1.41 -1.33 0.29 1555
1557 7 -16.92 1.52 -1.33 0.495 1556
1558 7 -18.25 1.55 -1.32 0.245 1557
1559 7 -18.36 1.58 -1.32 0.245 1558
1560 7 -18.73 1.75 -1.32 0.245 1559
1561 7 -18.89 1.85 -1.32 0.245 1560
1562 7 -19.39 2.07 -1.33 0.245 1561
1563 7 -19.66 1.73 -1.37 0.245 1562
1564 7 -19.7 1.62 -1.37 0.245 1563
1565 7 -19.71 1.51 -1.37 0.245 1564
1566 7 -19.93 1.39 -1.37 0.245 1565
1567 7 -20.06 1.43 -1.37 0.245 1566
1568 7 -20.16 1.46 -1.45 0.245 1567
1569 7 -20.38 1.53 -1.45 0.245 1568
1570 7 -21.61 2.07 -1.5 0.37 1569
1571 7 -21.72 2.29 -1.5 0.37 1570
1572 7 -21.85 2.51 -1.5 0.37 1571
1573 7 -21.92 2.66 -1.62 0.37 1572
1574 7 -22 2.79 -1.69 0.37 1573
1575 7 -22.08 2.94 -1.6 0.37 1574
1576 7 -22.24 3.42 -1.7 0.535 1575
1577 7 -22.53 3.26 -1.7 0.535 1576
1578 7 -23.07 3.24 -1.12 0.37 1577
1579 7 -23.3 3.13 -1 0.37 1578
1580 7 -23.82 3.04 -1 0.37 1579
1581 7 -24.36 3.39 -1.87 0.66 1580
1582 7 -24.6 4.21 -1.58 0.575 1581
1583 7 -25.18 4.75 -1.83 0.205 1582
1584 7 -25.04 4.82 -1.83 0.205 1583
1585 7 -24.99 4.92 -2 0.205 1584
1586 7 -25 5.11 -2 0.205 1585
1587 7 -25.08 5.26 -2 0.205 1586
1588 7 -25.19 5.29 -2 0.205 1587
1589 7 -25.3 5.31 -2.01 0.205 1588
1590 7 -25.45 5.44 -2.01 0.205 1589
1591 7 -25.78 5.53 -2.2 0.205 1590
1592 7 -25.97 5.72 -2.2 0.205 1591
1593 7 -26.13 5.82 -2.15 0.205 1592
1594 7 -26.38 5.96 -2.15 0.205 1593
1595 7 -24.82 2.68 -1.75 0.125 1581
1596 7 -24.93 2.53 -1.75 0.125 1595
1597 7 -24.96 2.43 -1.75 0.125 1596
1598 7 -25.07 2.28 -1.87 0.125 1597
1599 7 -25.21 2.01 -1.87 0.125 1598
1600 7 -25.3 1.87 -1.87 0.125 1599
1601 7 -25.18 1.26 -1.87 0.125 1600
1602 7 -25.13 1.03 -1.87 0.125 1601
1603 7 -22.5 2.52 -1.5 0.125 1577
1604 7 -22.64 2.27 -1.45 0.125 1603
1605 7 -22.67 2.16 -1.45 0.125 1604
1606 7 -22.76 2.11 -1.6 0.125 1605
1607 7 -23.02 1.96 -1.73 0.125 1606
1608 7 -23.11 1.74 -1.73 0.125 1607
1609 7 -17.83 2.16 0.37 0.33 1557
1610 7 -17.94 2.36 0.37 0.33 1609
1611 7 -18.03 2.51 0.37 0.33 1610
1612 7 -18.21 2.87 0.27 0.33 1611
1613 7 -18.48 3.01 0.1 0.33 1612
1614 7 -18.56 3.15 0.09 0.33 1613
1615 7 -18.65 3.47 0.07 0.33 1614
1616 7 -19.22 3.72 -0.67 0.33 1615
1617 7 -19.39 3.82 -0.67 0.33 1616
1618 7 -19.5 3.86 -0.67 0.33 1617
1619 7 -19.88 4.04 -0.67 0.33 1618
1620 7 -20.09 4.96 -0.25 0.29 1619
1621 7 -19.95 5.59 -0.09 0.37 1620
1622 7 -19.96 6.98 -0.74 0.41 1621
1623 7 -20.58 7.58 -1.36 0.66 1622
1624 7 -21.12 8.61 -2.25 0.535 1623
1625 7 -21.07 8.71 -2.25 0.535 1624
1626 7 -21.06 9.01 -2.25 0.535 1625
1627 7 -21.14 9.35 -2.25 0.535 1626
1628 7 -21.24 9.86 -2.43 0.535 1627
1629 7 -21.19 9.96 -2.43 0.535 1628
1630 7 -21.09 10.29 -2.43 0.535 1629
1631 7 -21.17 10.45 -2.47 0.535 1630
1632 7 -21.32 10.54 -2.47 0.535 1631
1633 7 -21.42 10.59 -2.47 0.535 1632
1634 7 -21.44 10.76 -2.47 0.535 1633
1635 7 -21.27 10.96 -2.49 0.535 1634
1636 7 -19.92 8.12 -1.37 0.245 1623
1637 7 -19.85 8.16 -1.62 0.245 1636
1638 7 -19.9 8.6 -1.75 0.245 1637
1639 7 -19.86 8.71 -1.75 0.245 1638
1640 7 -19.16 6.38 -0.72 0.125 1622
1641 7 -18.99 6.39 -0.72 0.125 1640
1642 7 -19.17 6.18 -0.79 0.125 1641
1643 7 -19.49 5.92 -0.79 0.125 1642
1644 7 -19.53 5.82 -0.81 0.125 1643
1645 7 -19.57 5.7 -0.92 0.125 1644
1646 7 -19.48 5.55 -0.92 0.125 1645
1647 7 -19.5 5.44 -0.92 0.125 1646
1648 7 -19.39 5.22 -0.92 0.125 1647
1649 7 -20.47 5.68 -0.07 0.33 1621
1650 7 -20.55 5.83 -0.07 0.33 1649
1651 7 -21.19 6.32 0.17 0.33 1650
1652 7 -21.34 6.42 0.17 0.33 1651
1653 7 -21.43 6.56 0.17 0.33 1652
1654 7 -21.51 6.72 0 0.33 1653
1655 7 -21.61 6.74 0 0.33 1654
1656 7 -21.91 6.78 0 0.33 1655
1657 7 -22.05 6.69 -0.17 0.33 1656
1658 7 -18.82 4.69 -0.5 0.125 1620
1659 7 -18.72 4.66 -0.62 0.125 1658
1660 7 -18.43 4.62 -0.62 0.125 1659
1661 7 -18.23 4.64 -0.62 0.125 1660
1662 7 -18.01 4.56 -0.55 0.125 1661
1663 7 -17.44 4.52 -0.5 0.125 1662
1664 7 -17.14 4.48 -0.5 0.125 1663
1665 7 -16.92 4.41 -0.5 0.125 1664
1666 7 -16.66 4.45 -0.5 0.125 1665
1667 7 -16.48 4.48 -0.5 0.125 1666
1668 7 -16.21 4.5 -0.5 0.125 1667
1669 7 -20.81 4.57 -0.74 0.165 1619
1670 7 -20.92 4.79 -0.74 0.165 1669
1671 7 -21.08 4.89 -0.79 0.165 1670
1672 7 -21.19 4.92 -0.87 0.165 1671
1673 7 -21.78 5.16 -0.87 0.165 1672
1674 7 -17.61 3.29 0 0.125 1615
1675 7 -17.28 3.2 0 0.125 1674
1676 7 -16.98 3.17 -0.09 0.125 1675
1677 7 -16.81 3.17 -0.09 0.125 1676
1678 7 -16.69 3.13 -0.09 0.125 1677
1679 7 -16.54 3.21 -0.09 0.125 1678
1680 7 -16.33 3.32 -0.09 0.125 1679
1681 7 -15.97 3.52 -0.09 0.125 1680
1682 7 -15.71 3.57 -0.1 0.125 1681
1683 7 -15.61 3.54 -0.1 0.125 1682
1684 7 -13.31 1.86 0.67 0.29 1509
1685 7 -13.4 2.18 0.61 0.29 1684
1686 7 -13.29 2.35 0.56 0.29 1685
1687 7 -13.25 2.46 0.56 0.29 1686
1688 7 -13.22 2.57 0.46 0.29 1687
1689 7 -13.52 2.79 0.56 0.125 1688
1690 7 -13.4 2.93 0.56 0.125 1689
1691 7 -13.49 3.08 0.91 0.125 1690
1692 7 -13.56 3.22 0.98 0.125 1691
1693 7 -13.76 3.4 0.98 0.125 1692
1694 7 -14.29 3.69 0.98 0.125 1693
1695 7 -14.39 3.72 0.68 0.125 1694
1696 7 -14.51 3.73 0.68 0.125 1695
1697 7 -15.06 3.72 0.37 0.125 1696
1698 7 -15.18 3.95 0.67 0.125 1697
1699 7 -15.66 4.53 0.4 0.125 1698
1700 7 -15.89 4.95 0.37 0.125 1699
1701 7 -12.59 2.45 -0.07 0.125 1688
1702 7 -12.47 2.4 -0.07 0.125 1701
1703 7 -12.38 2.36 -0.07 0.125 1702
1704 7 -12.04 2.25 -0.17 0.125 1703
1705 7 -11.89 1.99 -0.28 0.125 1704
1706 7 -11.3 1.92 -0.46 0.125 1705
1707 7 -11.22 1.77 -0.62 0.125 1706
1708 7 -11.1 1.56 -0.6 0.125 1707
1709 7 -10.91 1.56 -0.6 0.125 1708
1710 7 -10.73 1.57 -0.6 0.125 1709
1711 7 -10.55 1.57 -0.25 0.125 1710
1712 7 -10.24 1.36 -0.25 0.125 1711
1713 7 -10.21 1.31 -0.46 0.125 1712
1714 7 -10.04 1 -0.46 0.125 1713
1715 7 -9.53 0.54 -0.25 0.125 1714
1716 7 -9.4 0.32 -0.28 0.125 1715
1717 7 -9.22 0.32 -0.28 0.125 1716
1718 7 -9.08 0.4 -0.28 0.125 1717
1719 7 -9.08 0.4 -0.43 0.125 1718
1720 7 -8.71 0.6 -0.49 0.125 1719
1721 7 -8.54 0.79 -0.37 0.125 1720
1722 7 -13.27 -0.68 0.87 0.125 1508
1723 7 -13.07 -1.05 0.87 0.125 1722
1724 7 -13.37 -1.2 0.8 0.125 1723
1725 7 -13.64 -1.35 0.8 0.125 1724
1726 7 -13.79 -1.44 0.91 0.125 1725
1727 7 -14 -2.11 0.91 0.125 1726
1728 7 -13.97 -2.17 0.8 0.125 1727
1729 7 -14.14 -2.35 0.79 0.125 1728
1730 7 -14.94 -2.78 0.8 0.125 1729
1731 7 -14.93 -2.97 0.8 0.125 1730
1732 7 -10.99 -0.57 1.2 0.37 1503
1733 7 -10.96 -0.64 1.11 0.37 1732
1734 7 -11.12 -1.2 0.98 0.37 1733
1735 7 -11.19 -1.25 0.61 0.37 1734
1736 7 -12 -2.32 0.46 0.29 1735
1737 7 -12 -2.32 0.36 0.29 1736
1738 7 -12.05 -2.64 0.27 0.29 1737
1739 7 -12.26 -2.75 0.31 0.29 1738
1740 7 -12.71 -3.09 0.36 0.29 1739
1741 7 -12.7 -4 0.31 0.29 1740
1742 7 -12.72 -4.13 0.18 0.29 1741
1743 7 -6.41 -3.06 2.23 0.575 1492
1744 7 -6.51 -3.03 2.23 0.575 1743
1745 7 -6.64 -3 2.4 0.575 1744
1746 7 -6.93 -2.97 2.4 0.575 1745
1747 7 -7.06 -3.05 2.26 0.575 1746
1748 7 -7.67 -3.46 1.87 0.575 1747
1749 7 -7.75 -3.7 1.87 0.575 1748
1750 7 -7.88 -3.76 1.94 0.575 1749
1751 7 -7.95 -3.98 1.94 0.575 1750
1752 7 -8.06 -4.15 1.82 0.575 1751
1753 7 -8.16 -4.28 1.62 0.575 1752
1754 7 -8.19 -4.58 1.62 0.575 1753
1755 7 -8.22 -4.7 1.62 0.575 1754
1756 7 -8.18 -4.96 1.5 0.575 1755
1757 7 -8.2 -5.06 1.36 0.575 1756
1758 7 -8.13 -5.21 1.36 0.575 1757
1759 7 -8.09 -5.47 1.44 0.575 1758
1760 7 -7.97 -5.69 1.11 0.575 1759
1761 7 -7.9 -6 1 0.575 1760
1762 7 -7.93 -6.11 1.25 0.575 1761
1763 7 -8.34 -7.08 0.36 0.495 1762
1764 7 -8.71 -8.13 0.23 0.615 1763
1765 7 -9.55 -8.96 -1.75 0.535 1764
1766 7 -9.93 -8.98 -1.75 0.535 1765
1767 7 -10.46 -9.72 -2 0.165 1766
1768 7 -11.06 -10.32 -1.58 0.165 1767
1769 7 -10.86 -11.07 -2.01 0.165 1768
1770 7 -10.89 -11.17 -2.01 0.165 1769
1771 7 -11.11 -11.64 -2 0.165 1770
1772 7 -11.25 -12.4 -2.15 0.165 1771
1773 7 -11.02 -13.01 -2.25 0.165 1772
1774 7 -10.98 -13.09 -2.15 0.165 1773
1775 7 -10.93 -13.53 -2.17 0.165 1774
1776 7 -10.93 -13.53 -2.41 0.165 1775
1777 7 -10.79 -14.11 -2.5 0.165 1776
1778 7 -10.73 -14.43 -2.65 0.165 1777
1779 7 -10.68 -14.51 -2.64 0.165 1778
1780 7 -10.56 -14.73 -2.5 0.165 1779
1781 7 -9.48 -14.99 -2.73 0.125 1780
1782 7 -9.37 -15.02 -2.74 0.125 1781
1783 7 -9.11 -14.97 -2.5 0.125 1782
1784 7 -8.82 -15 -2.28 0.125 1783
1785 7 -8.6 -14.88 -2.28 0.125 1784
1786 7 -8.5 -14.92 -2.27 0.125 1785
1787 7 -8.35 -14.83 -2.27 0.125 1786
1788 7 -8.2 -14.95 -2.64 0.125 1787
1789 7 -8.05 -14.87 -2.64 0.125 1788
1790 7 -8.07 -14.69 -2.64 0.125 1789
1791 7 -7.95 -14.53 -2.64 0.125 1790
1792 7 -7.81 -14.45 -2.4 0.125 1791
1793 7 -7.72 -14.32 -2.4 0.125 1792
1794 7 -7.27 -14.09 -2.51 0.125 1793
1795 7 -7.05 -14.13 -2.69 0.125 1794
1796 7 -6.77 -13.99 -2.69 0.125 1795
1797 7 -11.51 -10.37 -2 0.165 1768
1798 7 -12.08 -10.49 -2 0.165 1797
1799 7 -12.19 -10.47 -2.02 0.165 1798
1800 7 -12.44 -10.5 -2.02 0.165 1799
1801 7 -12.86 -10.62 -2.24 0.165 1800
1802 7 -13.08 -10.75 -2.24 0.165 1801
1803 7 -13.67 -10.51 -2.25 0.165 1802
1804 7 -13.78 -10.48 -2.25 0.165 1803
1805 7 -10.07 -10.25 -2.25 0.125 1767
1806 7 -9.74 -10.55 -2.25 0.125 1805
1807 7 -9.54 -10.91 -2.27 0.125 1806
1808 7 -9.6 -11.12 -2.27 0.125 1807
1809 7 -9.52 -11.27 -2.27 0.125 1808
1810 7 -9.52 -11.47 -2.27 0.125 1809
1811 7 -9.36 -11.74 -2.25 0.125 1810
1812 7 -9.25 -11.77 -2.5 0.125 1811
1813 7 -9.1 -11.88 -2.5 0.125 1812
1814 7 -10.57 -8.48 -1.87 0.125 1766
1815 7 -10.65 -8.34 -1.87 0.125 1814
1816 7 -10.79 -8.22 -1.87 0.125 1815
1817 7 -11.23 -8.28 -1.87 0.125 1816
1818 7 -11.66 -8.87 -2 0.125 1817
1819 7 -12.09 -9.11 -2 0.125 1818
1820 7 -12.09 -9.11 -2.15 0.125 1819
1821 7 -7.57 -9.02 0.23 0.165 1764
1822 7 -7.38 -9.36 0.2 0.165 1821
1823 7 -7.33 -9.45 0.05 0.165 1822
1824 7 -6.27 -10.09 0 0.125 1823
1825 7 -6.11 -10.19 0 0.125 1824
1826 7 -5.95 -10.47 0 0.125 1825
1827 7 -5.62 -10.57 0 0.125 1826
1828 7 -5.51 -10.62 0 0.125 1827
1829 7 -5.37 -10.72 0 0.125 1828
1830 7 -4.92 -10.68 0 0.125 1829
1831 7 -9.24 -5.24 -0.05 0.165 1763
1832 7 -9.28 -5.16 0 0.165 1831
1833 7 -9.42 -4.88 0.49 0.165 1832
1834 7 -9.55 -4.66 0.05 0.165 1833
1835 7 -9.71 -4.36 -0.07 0.165 1834
1836 7 -9.71 -4.36 0.14 0.165 1835
1837 7 -10.01 -3.79 0.14 0.165 1836
1838 7 -10.1 -3.65 -0.37 0.165 1837
1839 7 -10.21 -3.42 0 0.165 1838
1840 7 -10.25 -3.36 0.92 0.165 1839
1841 7 -10.82 -2.83 0.85 0.165 1840
1842 7 -10.92 -2.78 -0.17 0.165 1841
1843 7 -11.18 -2.83 -0.4 0.165 1842
1844 7 -11.42 -2.76 -0.4 0.165 1843
1845 7 -11.48 -2.79 0.73 0.165 1844
1846 7 -11.59 -2.78 0.73 0.165 1845
1847 7 -11.85 -2.63 0.8 0.165 1846
1848 7 -11.89 -2.55 0.37 0.165 1847
1849 7 -12.37 -2.35 -0.23 0.165 1848
1850 7 -12.51 -2.43 0.61 0.165 1849
1851 7 -12.95 -2.84 -0.37 0.165 1850
1852 7 -12.98 -2.96 -0.37 0.165 1851
1853 7 -13.15 -3.33 -0.43 0.165 1852
1854 7 -13.87 -3.72 0.55 0.165 1853
1855 7 -14.23 -3.91 -0.05 0.165 1854
1856 7 -14.52 -4.06 -0.62 0.165 1855
1857 7 -14.67 -4.14 0.61 0.165 1856
1858 7 -14.94 -4.29 0.61 0.165 1857
1859 7 -14.98 -4.59 -0.46 0.165 1858
1860 7 -15.01 -4.69 -0.67 0.165 1859
1861 7 -14.81 -5.26 0.37 0.165 1860
1862 7 -14.81 -5.26 0.28 0.165 1861
1863 7 -15.01 -5.72 0.07 0.165 1862
1864 7 -15.06 -7.06 1.5 0.165 1863
1865 7 -14.53 -7.52 -1.62 0.33 1864
1866 7 -14.42 -7.56 -1.62 0.33 1865
1867 7 -14.61 -8.58 -0.75 0.29 1866
1868 7 -13.97 -9.75 -0.67 0.29 1867
1869 7 -13.83 -9.85 -0.62 0.29 1868
1870 7 -13.51 -9.96 -1.12 0.165 1869
1871 7 -13.23 -10.08 -1.23 0.165 1870
1872 7 -12.9 -10.19 -1.25 0.165 1871
1873 7 -12.8 -10.23 -1.25 0.165 1872
1874 7 -12.57 -10.12 -1.25 0.165 1873
1875 7 -12.32 -10.06 -1.12 0.165 1874
1876 7 -12.21 -10.1 -1.19 0.165 1875
1877 7 -13.69 -7.17 -1.87 0.245 1866
1878 7 -13.25 -6.93 -1.99 0.245 1877
1879 7 -12.68 -7.83 -2 0.165 1878
1880 7 -12.64 -8.08 -2.02 0.165 1879
1881 7 -12.52 -8.49 -2.02 0.165 1880
1882 7 -12.4 -8.52 -2.27 0.165 1881
1883 7 -12.07 -8.62 -2.43 0.165 1882
1884 7 -13.3 -6.85 -2.25 0.165 1878
1885 7 -13.21 -6.7 -2.25 0.165 1884
1886 7 -13.05 -6.62 -2.65 0.165 1885
1887 7 -12.9 -6.54 -2.65 0.165 1886
1888 7 -12.72 -6.36 -2.7 0.165 1887
1889 7 -12.4 -6.27 -2.25 0.165 1888
1890 7 -12.07 -6.38 -2.25 0.165 1889
1891 7 -11.96 -6.42 -2.25 0.165 1890
1892 7 -11.66 -6.45 -2.25 0.165 1891
1893 7 -11.47 -6.44 -2.5 0.165 1892
1894 7 -15.68 -7.29 0.86 0.165 1864
1895 7 -15.82 -7.55 0.8 0.165 1894
1896 7 -15.85 -7.66 0.8 0.165 1895
1897 7 -15.94 -7.81 0.75 0.165 1896
1898 7 -16.3 -8.01 0.68 0.165 1897
1899 7 -16.67 -8.21 0.67 0.165 1898
1900 7 -16.81 -8.28 0.85 0.165 1899
1901 7 -16.95 -8.35 0.87 0.165 1900
1902 7 -17.98 -9.2 0.73 0.495 1901
1903 7 -17.74 -9.48 0.61 0.29 1902
1904 7 -17.5 -9.78 0.49 0.29 1903
1905 7 -17.75 -10.66 0.36 0.205 1904
1906 7 -17.55 -10.72 0.28 0.205 1905
1907 7 -17.32 -10.8 0.2 0.205 1906
1908 7 -17.16 -11.08 0.1 0.205 1907
1909 7 -16.63 -11.55 0 0.205 1908
1910 7 -15.38 -12.83 0.05 0.125 1909
1911 7 -15.28 -12.88 -0.23 0.125 1910
1912 7 -14.91 -13.05 -0.31 0.125 1911
1913 7 -14.83 -13.2 -0.17 0.125 1912
1914 7 -14.63 -13.37 -0.17 0.125 1913
1915 7 -14.28 -14.02 -0.1 0.125 1914
1916 7 -14.25 -14.08 -0.4 0.125 1915
1917 7 -14.1 -14.56 -0.5 0.125 1916
1918 7 -14.1 -14.56 -0.33 0.125 1917
1919 7 -13.92 -15.23 -0.33 0.125 1918
1920 7 -13.94 -15.52 -0.05 0.125 1919
1921 7 -13.67 -16.01 -0.25 0.125 1920
1922 7 -13.43 -16.46 -0.3 0.125 1921
1923 7 -16.12 -11.82 -0.5 0.165 1909
1924 7 -15.61 -11.55 -0.62 0.165 1923
1925 7 -15.38 -11.43 -0.67 0.165 1924
1926 7 -15.02 -11.61 -0.5 0.165 1925
1927 7 -14.8 -11.68 -0.5 0.165 1926
1928 7 -14.51 -11.72 -0.43 0.165 1927
1929 7 -14.28 -11.77 -0.55 0.165 1928
1930 7 -14.07 -11.84 -0.55 0.165 1929
1931 7 -13.69 -11.83 -0.55 0.165 1930
1932 7 -16.86 -10.08 0.36 0.125 1904
1933 7 -16.78 -10.23 0.36 0.125 1932
1934 7 -16.67 -10.45 0.37 0.125 1933
1935 7 -16.65 -10.99 0.1 0.125 1934
1936 7 -16.69 -11.1 -0.07 0.125 1935
1937 7 -16.66 -11.36 0.05 0.125 1936
1938 7 -16.67 -11.48 0.05 0.125 1937
1939 7 -16.7 -11.95 0.05 0.125 1938
1940 7 -16.69 -12.13 0 0.125 1939
1941 7 -16.28 -12.57 -0.1 0.125 1940
1942 7 -16.3 -12.86 -0.1 0.125 1941
1943 7 -16.58 -13.57 -0.1 0.125 1942
1944 7 -16.72 -13.83 -0.1 0.125 1943
1945 7 -16.75 -13.95 -0.17 0.125 1944
1946 7 -17.97 -9.75 -0.28 0.245 1903
1947 7 -18.19 -9.86 -0.28 0.245 1946
1948 7 -18.53 -9.95 -0.28 0.245 1947
1949 7 -18.67 -10.02 -0.3 0.245 1948
1950 7 -18.7 -10.14 -0.37 0.245 1949
1951 7 -18.88 -10.33 -0.34 0.245 1950
1952 7 -19.6 -10.35 -0.25 0.245 1951
1953 7 -19.6 -10.35 -0.4 0.245 1952
1954 7 -19.89 -10.86 -0.56 0.125 1953
1955 7 -20.18 -11.02 -0.72 0.125 1954
1956 7 -20.07 -11.23 -0.67 0.125 1955
1957 7 -19.99 -11.39 -0.55 0.125 1956
1958 7 -19.69 -11.41 -0.68 0.125 1957
1959 7 -19.51 -11.41 -0.68 0.125 1958
1960 7 -19.26 -12.02 -0.74 0.125 1959
1961 7 -18.94 -11.94 -0.86 0.125 1960
1962 7 -18.49 -8.63 1.07 0.205 1902
1963 7 -18.56 -8.48 1.25 0.205 1962
1964 7 -18.87 -8.28 1.25 0.205 1963
1965 7 -18.99 -8.05 1.24 0.205 1964
1966 7 -19.1 -8.01 0.87 0.205 1965
1967 7 -19.29 -8.03 0.87 0.205 1966
1968 7 -19.43 -7.91 0.87 0.205 1967
1969 7 -19.58 -7.81 0.87 0.205 1968
1970 7 -19.62 -7.72 0.73 0.205 1969
1971 7 -19.62 -7.72 0.5 0.205 1970
1972 7 -19.77 -7.81 0.5 0.205 1971
1973 7 -19.79 -7.93 0.5 0.205 1972
1974 7 -20.55 -8.05 0.87 0.205 1973
1975 7 -20.9 -8.13 0.91 0.205 1974
1976 7 -20.9 -8.13 0.74 0.205 1975
1977 7 -21 -8.46 0.74 0.205 1976
1978 7 -21.16 -8.84 0.86 0.205 1977
1979 7 -21.83 -9.67 0.14 0.125 1978
1980 7 -22.15 -9.76 0.5 0.125 1979
1981 7 -22.43 -9.62 0.43 0.125 1980
1982 7 -22.5 -9.48 0 0.125 1981
1983 7 -22.72 -9.59 0 0.125 1982
1984 7 -22.82 -9.55 0.05 0.125 1983
1985 7 -23.02 -9.55 0.05 0.125 1984
1986 7 -23.02 -9.55 0.34 0.125 1985
1987 7 -7.08 -6.51 1 0.245 1762
1988 7 -6.78 -6.34 1 0.245 1987
1989 7 -6.19 -6.21 0.8 0.245 1988
1990 7 -6.09 -6.24 0.5 0.245 1989
1991 7 -5.85 -6.69 0.4 0.245 1990
1992 7 -5.78 -6.83 0.4 0.245 1991
1993 7 -5.59 -6.82 0.67 0.245 1992
1994 7 -5.23 -6.82 0.62 0.245 1993
1995 7 -4.53 -6.72 1.36 0.205 1994
1996 7 -4.23 -6.75 1.36 0.205 1995
1997 7 -3.95 -6.97 1.36 0.205 1996
1998 7 -3.82 -6.99 1.36 0.205 1997
1999 7 -3.56 -7.15 1.36 0.205 1998
2000 7 -3.45 -7.18 1 0.205 1999
2001 7 -3.16 -7.38 1 0.205 2000
2002 7 -3 -7.5 0.75 0.205 2001
2003 7 -2.82 -8.71 0.43 0.125 2002
2004 7 -2.66 -8.99 0.37 0.125 2003
2005 7 -2.24 -9.42 0.37 0.125 2004
2006 7 -2.2 -9.85 0.31 0.125 2005
2007 7 -5.97 -7.31 2.55 0.165 1994
2008 7 -6.12 -7.4 2.52 0.165 2007
2009 7 -6.16 -7.51 2.52 0.165 2008
2010 7 -6.25 -7.65 2.49 0.165 2009
2011 7 -6.48 -7.77 2.25 0.165 2010
2012 7 -6.51 -7.88 2.25 0.165 2011
2013 7 -6.83 -8.15 2.25 0.165 2012
2014 7 -6.9 -8.38 2.02 0.165 2013
2015 7 -6.89 -8.55 2.02 0.165 2014
2016 7 -6.93 -8.67 2 0.165 2015
2017 7 -7.03 -8.82 2 0.165 2016
2018 7 -7.1 -9.05 2 0.165 2017
2019 7 -7.06 -9.12 1.87 0.165 2018
2020 7 -6.15 -1.99 1.37 0.33 1491
2021 7 -6.23 -1.86 1.25 0.33 2020
2022 7 -6.31 -1.53 0.86 0.33 2021
2023 7 -6.35 -1.44 0.46 0.33 2022
2024 7 -6.42 -1.3 0.46 0.33 2023
2025 7 -6.51 -1.15 0.5 0.33 2024
2026 7 -6.57 -0.83 0.2 0.33 2025
2027 7 -6.56 -0.7 0.37 0.33 2026
2028 7 -6.48 -0.49 0.37 0.33 2027
2029 7 -6.5 -0.31 0.17 0.33 2028
2030 7 -6.46 -0.2 0.17 0.33 2029
2031 7 -6.49 0 -0.1 0.33 2030
