# SWC to SWC conversion from L-Measure. Sridevi Polavaram: spolavar@gmu.edu
# Original fileName:C:\NMO_dev\data_proc\King_Final\Source_Temp1//B4-CA1-L-D63x1zACR3_1.CNG.swc
#
# SWC to SWC conversion from L-Measure. Sridevi Polavaram: spolavar@gmu.edu

# Original fileName:C:\NMO_dev\data_proc\Auto swc//B4-CA1-L-D63x1zACR3_1.swc.swc.CNG.swc

#

# Original file C:\NMO_dev\data_proc\Temp_LMeasure\B4-CA1-L-D63x1zACR3_1.swc.swc edited using StdSwc version 1.31 on 7/31/17.


# Irregularities and fixes documented in C:\NMO_dev\data_proc\Temp_LMeasure\B4-CA1-L-D63x1zACR3_1.swc.swc.std.  See StdSwc1.31.doc for more information.


#


# SWC to SWC conversion from L-Measure. Sridevi Polavaram: spolavar@gmu.edu


# Original fileName:C:\NMO_dev\data_proc\Source_Temp1//B4-CA1-L-D63x1zACR3_1.swc


#


 1 1 0 0 0 3.99424 -1
 2 1 0 -4 0 3.99424 1
 3 1 0 3.99 0 3.99424 1
 4 7 3.03 -0.15 -1.25 3.35996 1
 5 7 1.65 -7.15 -0.94 0.759876 4
 6 7 1.5 -8 -0.92 0.730453 5
 7 7 1.48 -9.06 -0.99 0.782773 6
 8 7 1.77 -10.18 -0.97 0.1165 7
 9 7 4.98 -7.8 -1.25 0.841404 4
 10 7 5.26 -9.02 -1.25 0.712695 9
 11 7 5.55 -9.89 -1.25 0.649944 10
 12 7 6.23 -10 -1.25 0.475129 11
 13 7 6.82 -10.25 -1.25 0.29281 12
 14 7 -4.5 1.5 0.43 1.58125 1
 15 7 -7.26 1.23 -0.87 0.365742 14
 16 7 -7.76 1.16 -1.12 0.356348 15
 17 7 -8.39 1.32 -1.24 0.409103 16
 18 7 -9 1.57 -1.34 0.407471 17
 19 7 -9.67 2.07 -1.38 0.252198 18
 20 7 -7.9 2.25 0.68 0.630493 14
 21 7 -8.97 2.5 0.69 0.515493 20
 22 7 -9.51 2.66 0.61 0.509097 21
 23 7 -10.39 2.83 0.55 0.504395 22
 24 7 -11.14 3.16 0.43 0.466563 23
 25 7 -11.81 3.44 0.49 0.495143 24
 26 7 -12.39 3.42 0.5 0.360298 25
 27 7 -12.77 3.32 0.46 0.314462 26
 28 7 -4.82 -3.49 -1.01 1.05497 1
 29 7 -6.9 -5.53 -0.5 0.501526 28
 30 7 -5.36 -6.23 -1.77 0.379454 29
 31 7 -4.53 -6.53 -1.9 0.126099 30
 32 7 -4.21 -6.59 -1.99 0.135824 31
 33 7 -7.4 -6.23 -0.46 0.150714 29
 34 7 -7.61 -6.5 -0.43 0.153215 33
 35 7 -7.76 -6.78 -0.5 0.1165 34
 36 7 -7.84 -7.19 -0.67 0.23241 35
 37 7 -2.21 -6.34 -2.03 0.471693 1
 38 7 -2.64 -6.59 -1.99 0.257786 37
 39 7 -2.91 -6.57 -1.87 0.1165 38
 40 7 -3.19 -6.59 -1.9 0.1165 39
 41 7 -3.39 -6.61 -2.04 0.1165 40
 42 7 -2.24 -6.48 -0.49 0.594418 1
 43 7 -2.44 -7.28 -0.75 0.407471 42
 44 7 -2.52 -7.67 -0.75 0.516546 43
 45 7 -2.85 -8.18 -0.56 0.471691 44
 46 7 -3.13 -8.85 -0.43 0.471098 45
 47 7 -3.22 -9.39 -0.34 0.407471 46
 48 7 -3.5 -10.06 -0.37 0.407471 47
 49 7 -3.74 -10.6 -0.43 0.31446 48
 50 7 -3.75 -10.89 -0.46 0.33901 49
 51 7 -3.9 -11.51 -0.4 0.234127 50
 52 7 -3.91 -11.76 -0.43 0.340056 51
 53 7 -4.01 -12.22 -0.43 0.293489 52
 54 7 -4.09 -12.52 -0.37 0.248257 53
 55 7 5.65 1.72 0.62 2.65955 1
 56 7 8.77 2.47 0.92 1.33064 55
 57 7 10.85 2.76 1.11 1.2877 56
 58 7 14.81 3.41 1.21 2.563 57
 59 7 16.11 3 1 1.56969 58
 60 7 16.72 2.78 0.93 1.56969 59
 61 7 17.37 2.57 0.81 1.56969 60
 62 7 19.29 2.31 1.71 0.175159 61
 63 7 19.61 2.26 1.85 0.351838 62
 64 7 20.1 2.39 2 0.226038 63
 65 7 20.3 2.58 2.03 0.1165 64
 66 7 20.59 2.67 2.07 0.523727 65
 67 7 21.29 2.98 2.17 0.810545 66
 68 7 21.95 3.46 2.25 0.533895 67
 69 7 22.6 3.85 2.32 0.210944 68
 70 7 22.85 4.07 2.42 0.214498 69
 71 7 23.14 4.3 2.5 0.1165 70
 72 7 17.36 5.23 1.37 0.599546 60
 73 7 18.04 5.84 1.4 0.390196 72
 74 7 18.54 6.3 1.37 0.455128 73
 75 7 18.96 6.9 1.4 0.46601 74
 76 7 19.12 7.36 1.37 0.1165 75
 77 7 19.26 7.59 1.37 0.15136 76
 78 7 18.96 2.83 0.07 0.824422 59
 79 7 20.25 2.94 -0.43 0.900241 78
 80 7 21.8 3.03 -1.09 0.391137 79
 81 7 22.39 2.71 -1.33 0.1165 80
 82 7 22.3 -1.98 1.34 0.843018 78
 83 7 22.36 -0.09 2.13 1.14575 82
 84 7 22.52 1.25 2.25 0.1165 83
 85 7 22.43 1.69 2.21 0.1165 84
 86 7 22.2 2.04 2.18 0.55092 85
 87 7 22.44 2.63 2.2 0.738699 86
 88 7 22.79 3.5 2.43 0.1165 87
 89 7 22.95 3.69 2.49 0.1165 88
 90 7 23.13 3.9 2.5 0.1165 89
 91 7 23.45 -2.89 1.65 0.47169 82
 92 7 23.94 -3.34 1.71 0.407472 91
 93 7 24.39 -3.72 1.75 0.40558 92
 94 7 24.92 -4.03 1.89 0.47169 93
 95 7 25.46 -4.4 2 0.392726 94
 96 7 26 -4.73 2.03 0.41587 95
 97 7 26.69 -5.26 2 0.608711 96
 98 7 27.31 -5.59 2.04 0.487631 97
 99 7 28.11 -6.17 2.39 0.203279 98
 100 7 28.67 -6.38 2.63 0.234434 99
 101 7 29.09 -7.21 2.33 0.23624 100
 102 7 29.37 -7.51 2.34 0.211687 101
 103 7 29.59 -7.71 2.4 0.236686 102
 104 7 29.95 -7.92 2.5 0.14932 103
 105 7 15.39 6.42 0.56 0.966018 58
 106 7 15.43 8.43 0.28 1.30168 105
 107 7 16.87 8.85 0.37 0.950259 106
 108 7 18.1 9.06 0.54 0.66049 107
 109 7 19.17 9.18 0.57 0.748909 108
 110 7 20.3 9.5 0.4 1.067 109
 111 7 21.13 8.39 0.73 0.333574 110
 112 7 21.38 8 0.85 0.123734 111
 113 7 21.61 7.69 0.87 0.154849 112
 114 7 14.72 10.43 0.68 0.396292 106
 115 7 14.47 11.02 0.69 0.401814 114
 116 7 14.38 11.35 0.76 0.291404 115
 117 7 2.41 5.48 1.82 2.35141 1
 118 7 3.9 7.71 2.59 0.680719 117
 119 7 4.4 8.47 2.72 0.173924 118
 120 7 4.53 8.81 2.75 0.1165 119
