# SWC to SWC conversion from L-Measure. Sridevi Polavaram: spolavar@gmu.edu
# Original fileName:C:\postprocessing\Tarusawa_Final\Source_Temp1//Dnmt3b-cell-8.T2.swc
#
# SWC to SWC conversion from L-Measure. Sridevi Polavaram: spolavar@gmu.edu

# Original fileName:C:\postprocessing\Tarusawa_Final\Source_Temp1//Dnmt3b-cell-8.T1.swc

#

# SWC to SWC conversion from L-Measure. Sridevi Polavaram: spolavar@gmu.edu

# Original fileName:C:\NMO_dev\data_proc\Auto swc//Dnmt3b-cell-8.dat.asc.swc.CNG.swc

#

# Original file C:\NMO_dev\data_proc\Temp_LMeasure\Dnmt3b-cell-8.dat.asc.swc edited using StdSwc version 1.31 on 7/2/17.

# Irregularities and fixes documented in C:\NMO_dev\data_proc\Temp_LMeasure\Dnmt3b-cell-8.dat.asc.swc.std.  See StdSwc1.31.doc for more information.

#

# Neurolucida to SWC conversion from L-Measure. Sridevi Polavaram: spolavar@gmu.edu

# Original fileName:C:\NMO_dev\data_proc\Source_Temp1//Dnmt3b-cell-8.dat.asc

# The original file has 16 soma contours that are averaged into 16 soma points

# ORIGINAL_SOURCE 

# CREATURE 

# REGION 

# FIELD/LAYER 

# TYPE 

# CONTRIBUTOR 

# REFERENCE 

# RAW 

# EXTRAS 

# SOMA_AREA 

# SHRINKAGE_CORRECTION 

# VERSION_NUMBER 

# VERSION_DATE 

# ********************************************* 

# SCALE 1.0 1.0 1.0 

# NEUROMANTIC V1.6.3 (7/7/2017 4:17:08 PM): Saved to Dnmt3b-cell-8.T2.swc

 1 1 0 0 0 6.494 -1
 2 1 4.96 -4 -0.37 6.198 1
 3 1 -5.14 3.92 0.5 6.894 1
 4 3 -3.18 -5.42 1.16 3.39 1
 5 3 -3.75 -7.14 0.73 2.825 4
 6 3 -4.31 -8.89 0.73 2.04 5
 7 3 -4.85 -10.63 0.73 1.29 6
 8 3 -5.83 -11.89 0.73 0.915 7
 9 3 -5.5 -13.69 0.73 1.13 8
 10 3 -5.63 -15.46 0.73 1.265 9
 11 3 -5.75 -17.23 0.73 0.915 10
 12 3 -5.42 -19.02 1.16 0.565 11
 13 3 -5.78 -20.99 1.6 1.005 12
 14 3 -6.15 -22.96 1.6 0.785 13
 15 3 -6.71 -24.69 1.6 1.13 14
 16 3 -7.28 -26.44 1.6 0.915 15
 17 3 -7.83 -28.16 1.6 1.13 16
 18 3 -8.41 -29.91 1.6 1.13 17
 19 3 -9.4 -31.62 2.02 1.4 18
 20 3 -10.16 -33.13 2.02 0.665 19
 21 3 -9.88 -35.37 1.6 0.665 20
 22 3 -10.04 -37.58 1.6 0.445 21
 23 3 -10.17 -39.78 1.16 1.105 22
 24 3 -9.89 -42.02 1.16 1.105 23
 25 3 -9.84 -44.47 0.33 0.625 24
 26 3 -11.03 -45.51 0.33 0.625 25
 27 3 -12.21 -46.53 0.33 0.47 26
 28 3 -13.38 -47.56 0.33 0.315 27
 29 3 -14.16 -49.05 0.33 0.315 28
 30 3 -14.93 -50.54 0.33 0.315 29
 31 3 -15.69 -52.06 0.33 0.495 30
 32 3 -16.46 -53.55 0.33 0.7 31
 33 3 -17.03 -55.29 -0.1 0.645 32
 34 3 -17.79 -56.79 -0.54 0.315 33
 35 3 -18.57 -58.29 -0.54 0.495 34
 36 3 -19.33 -59.8 -0.54 0.495 35
 37 3 -20.09 -61.31 -0.97 0.315 36
 38 3 -20.87 -62.79 -0.97 0.495 37
 39 3 -21.84 -64.07 -0.97 0.845 38
 40 3 -22.6 -65.57 -0.97 0.35 39
 41 3 -23.57 -66.84 -0.97 0.495 40
 42 3 -24.35 -68.33 -1.39 0.315 41
 43 3 -25.13 -69.84 -1.39 0.495 42
 44 3 -25.9 -71.35 -1.39 0.35 43
 45 3 -26.65 -72.83 -1.82 0.35 44
 46 3 -27.43 -74.34 -2.25 0.495 45
 47 3 -28.41 -75.6 -2.25 0.495 46
 48 3 -29.38 -76.87 -2.68 0.645 47
 49 3 -30.37 -78.14 -2.68 0.495 48
 50 3 -31.13 -79.64 -3.09 0.495 49
 51 3 -31.9 -81.13 -3.53 0.495 50
 52 3 -32.67 -82.64 -3.53 0.315 51
 53 3 -33.44 -84.13 -3.53 1.4 52
 54 3 -34.22 -85.64 -3.97 0.47 53
 55 3 -35.39 -86.67 -3.97 0.47 54
 56 3 -36.57 -87.7 -3.97 0.625 55
 57 3 -37.74 -88.72 -3.97 0.35 56
 58 3 -39.34 -89.27 -3.97 0.35 57
 59 3 -40.94 -89.84 -4.38 0.495 58
 60 3 -42.53 -90.4 -4.38 0.495 59
 61 3 -44.12 -90.95 -4.38 0.7 60
 62 3 -45.7 -91.5 -4.84 0.315 61
 63 3 -46.9 -92.54 -4.84 0.625 62
 64 3 -48.27 -93.32 -4.84 1.565 63
 65 3 -49.45 -94.37 -5.26 0.665 64
 66 3 -51.66 -94.22 -5.26 0.885 65
 67 3 -53.88 -94.06 -5.69 0.47 66
 68 3 -54.91 -92.89 -6.13 0.625 67
 69 3 -56.14 -91.47 -6.55 0.785 68
 70 3 -57.18 -90.28 -7.42 0.35 69
 71 3 -58.89 -89.71 -7.84 0.495 70
 72 3 -60.41 -88.94 -7.84 1.4 71
 73 3 -61.9 -88.17 -8.27 0.47 72
 74 3 -62.93 -87.01 -8.27 0.94 73
 75 3 -64.21 -86.03 -8.68 0.495 74
 76 3 -65.7 -85.25 -8.68 1.195 75
 77 3 -67.2 -84.49 -9.13 0.645 76
 78 3 -68.71 -83.7 -9.13 0.495 77
 79 3 -69.96 -82.73 -9.13 0.625 78
 80 3 -70.23 -83.39 -9.13 1.05 79
 81 3 -71.98 -82.82 -9.13 0.7 80
 82 3 -73.56 -83.38 -9.97 0.495 81
 83 3 -75.17 -83.93 -10.85 0.495 82
 84 3 -76.99 -84.7 -11.28 0.495 83
 85 3 -78.39 -85.5 -11.28 0.495 84
 86 3 -79.76 -86.27 -11.28 0.495 85
 87 3 -81.35 -86.84 -11.28 0.495 86
 88 3 -83.14 -87.16 -11.72 0.845 87
 89 3 -84.75 -88.16 -11.72 0.845 88
 90 3 -86.36 -88.72 -11.28 0.645 89
 91 3 -9.4 -45.39 0.69 0.495 25
 92 3 -8.86 -46.98 0.3 0.495 91
 93 3 -8.3 -48.58 0.3 0.645 92
 94 3 -7.98 -50.39 -0.14 0.495 93
 95 3 -7.19 -51.77 -0.56 0.495 94
 96 3 -6.62 -53.37 -0.56 0.495 95
 97 3 -6.07 -54.95 -0.56 0.495 96
 98 3 -4.57 -55.73 -1 0.845 97
 99 3 -3.09 -56.49 -1 0.155 98
 100 3 -2.07 -57.67 -1 0.785 99
 101 3 -1.04 -58.85 -1 0.47 100
 102 3 0 -60.04 -1 0.625 101
 103 3 1.02 -61.22 -1 0.625 102
 104 3 2.28 -62.19 -1 0.47 103
 105 3 3.3 -63.37 -1.42 0.47 104
 106 3 4.58 -64.34 -1.42 0.315 105
 107 3 5.84 -65.32 -1.42 0.47 106
 108 3 7.1 -66.29 -1.42 0.315 107
 109 3 8.14 -67.47 -1.85 0.315 108
 110 3 9.15 -68.65 -1.85 0.47 109
 111 3 10.66 -69.42 -2.27 0.845 110
 112 3 12.18 -70.19 -2.27 0.495 111
 113 3 13.19 -71.36 -2.71 0.785 112
 114 3 14.24 -72.54 -2.71 0.47 113
 115 3 15.25 -73.71 -2.71 0.47 114
 116 3 16.3 -74.91 -2.71 0.315 115
 117 3 17.32 -76.1 -3.13 0.47 116
 118 3 18.59 -77.07 -3.13 0.47 117
 119 3 19.84 -78.05 -3.13 0.47 118
 120 3 20.87 -79.23 -3.13 0.47 119
 121 3 22.38 -79.98 -3.56 0.645 120
 122 3 23.89 -80.76 -3.56 0.645 121
 123 3 24.91 -81.94 -4 0.625 122
 124 3 25.94 -83.12 -4 0.47 123
 125 3 26.97 -84.3 -4.42 0.47 124
 126 3 27.99 -85.47 -4.42 0.47 125
 127 3 29.26 -86.45 -4.42 0.47 126
 128 3 30.52 -87.42 -4.42 0.315 127
 129 3 31.55 -88.61 -4.42 0.47 128
 130 3 32.58 -89.8 -4.86 0.625 129
 131 3 32.89 -91.58 -5.3 0.845 130
 132 3 33.21 -93.4 -5.71 0.7 131
 133 3 33.78 -94.97 -6.15 0.495 132
 134 3 34.77 -96.58 -6.57 0.7 133
 135 3 35.57 -97.97 -7.01 0.495 134
 136 3 36.37 -99.36 -7.01 0.645 135
 137 3 36.68 -101.16 -7.44 0.845 136
 138 3 37.47 -102.55 -7.44 0.35 137
 139 3 38.02 -104.14 -7.44 0.495 138
 140 3 38.7 -104.03 -8.3 1.34 139
 141 3 38.56 -106.23 -8.3 0.445 140
 142 3 39.59 -107.42 -8.3 0.625 141
 143 3 40.61 -108.61 -8.3 0.315 142
 144 3 41.4 -109.9 -8.3 0.47 143
 145 3 42.42 -111.09 -8.3 0.47 144
 146 3 43.45 -112.27 -8.3 0.315 145
 147 3 44.48 -113.46 -8.3 0.315 146
 148 3 45.05 -115.05 -8.72 0.7 147
 149 3 45.59 -116.65 -8.72 0.315 148
 150 3 46.16 -118.24 -8.72 0.35 149
 151 3 46.71 -119.83 -8.72 0.495 150
 152 3 47.76 -121.02 -8.72 0.94 151
 153 3 49.02 -122 -8.72 1.095 152
 154 3 51.11 -120.58 -8.3 0.315 153
 155 3 -10.17 -39.78 1.6 1.105 23
 156 3 -12.03 -42.51 3.75 0.685 155
 157 3 -12.79 -45.38 3.75 0.665 156
 158 3 -12.95 -47.59 3.75 0.665 157
 159 3 -13.1 -49.79 3.75 0.885 158
 160 3 -13.24 -51.99 3.75 0.565 159
 161 3 -13.81 -53.73 3.75 0.915 160
 162 3 -14.38 -55.47 3.75 0.565 161
 163 3 -14.04 -57.27 3.75 0.565 162
 164 3 -13.89 -58.17 3.75 0.565 163
 165 3 -14.54 -61.02 4.17 0.845 164
 166 3 -15.3 -62.53 4.59 1.41 165
 167 3 -16.71 -63.76 5.03 0.7 166
 168 3 -17.48 -65.26 5.03 0.495 167
 169 3 -18.04 -66.99 5.48 0.35 168
 170 3 -18.81 -68.49 5.48 0.315 169
 171 3 -19.79 -69.76 5.48 0.315 170
 172 3 -20.76 -71.01 5.48 0.315 171
 173 3 -21.74 -72.27 5.48 0.645 172
 174 3 -22.72 -73.56 5.48 0.645 173
 175 3 -23.69 -74.82 5.48 0.645 174
 176 3 -24.68 -76.09 5.48 1.13 175
 177 3 -25.24 -77.82 5.48 0.915 176
 178 3 -25.35 -79.58 5.48 0.785 177
 179 3 -25.83 -81.35 5.9 0.17 178
 180 3 -25.75 -82 5.9 0.155 179
 181 3 -27.12 -82.8 6.32 0.645 180
 182 3 -27.91 -84.29 6.32 0.8 181
 183 3 -28.01 -86.07 6.76 0.565 182
 184 3 -27.73 -88.31 6.32 0.885 183
 185 3 -13.72 -59.07 3.75 0.35 164
 186 3 -13.64 -61.08 4.17 0.35 185
 187 3 -13.56 -63.07 3.75 1.13 186
 188 3 -13.25 -64.87 3.75 0.7 187
 189 3 -12.92 -66.67 3.3 0.565 188
 190 3 -13.48 -68.42 3.3 0.565 189
 191 3 -14.05 -70.15 3.3 0.35 190
 192 3 -14.6 -71.89 3.75 0.565 191
 193 3 -14.96 -73.86 3.75 0.565 192
 194 3 -15.32 -75.84 4.17 1.13 193
 195 3 -15.89 -77.58 4.17 0.8 194
 196 3 -15.08 -78.97 4.17 0.47 195
 197 3 -14.31 -80.35 4.17 0.47 196
 198 3 -13.5 -81.73 4.17 0.955 197
 199 3 -13.2 -83.54 4.17 0.955 198
 200 3 -13.5 -84.62 5.9 0.495 199
 201 3 -12.93 -86.21 5.9 0.7 200
 202 3 -12.82 -87.77 5.9 0.495 201
 203 3 -12.03 -89.17 6.32 0.495 202
 204 3 -11.47 -90.74 6.76 0.495 203
 205 3 -11.13 -92.54 6.76 0.35 204
 206 3 -10.82 -94.35 7.19 0.495 205
 207 3 -10.28 -95.94 7.19 0.495 206
 208 3 -9.71 -97.53 7.19 0.495 207
 209 3 -9.16 -99.13 7.19 0.7 208
 210 3 -8.59 -100.72 7.19 0.845 209
 211 3 -8.04 -102.31 7.19 0.845 210
 212 3 -7.93 -103.91 7.61 0.7 211
 213 3 -7.82 -105.41 7.61 0.35 212
 214 3 -7.48 -107.21 8.05 0.47 213
 215 3 -13.2 -83.54 3.75 1.265 199
 216 3 -13.32 -85.3 2.46 1.13 215
 217 3 -12.75 -86.88 1.6 1.13 216
 218 3 -13.52 -88.38 -0.54 0.99 217
 219 3 -14.92 -89.19 -0.97 0.495 218
 220 3 -16.09 -90.21 -0.97 0.645 219
 221 3 -17.48 -91 -0.97 0.565 220
 222 3 -18.05 -92.74 -0.97 0.35 221
 223 3 -18.61 -94.47 -0.97 0.565 222
 224 3 -18.96 -96.45 -0.97 0.785 223
 225 3 -19.08 -98.25 -0.97 0.565 224
 226 3 -19.44 -100.15 -1.39 0.445 225
 227 3 -20.02 -101.96 -1.39 0.565 226
 228 3 -20.58 -103.67 -1.39 0.35 227
 229 3 -21.13 -105.38 -1.39 0.565 228
 230 3 -21.48 -107.38 -1.39 0.35 229
 231 3 -22.05 -109.09 -1.82 0.565 230
 232 3 -22.63 -110.9 -1.82 0.565 231
 233 3 -23.19 -112.6 -1.82 0.565 232
 234 3 -23.73 -114.31 -1.82 0.565 233
 235 3 -23.41 -116.11 -1.82 1.13 234
 236 3 -23.11 -117.9 -1.82 0.565 235
 237 3 -23.67 -119.61 -2.25 0.565 236
 238 3 -24.02 -121.61 -2.25 1.345 237
 239 3 -24.58 -123.42 -2.68 0.565 238
 240 3 -24.28 -125.22 -3.09 0.7 239
 241 3 -23.95 -127.01 -3.09 0.565 240
 242 3 -24.3 -128.92 -3.09 0.35 241
 243 3 -24.87 -130.62 -3.09 0.565 242
 244 3 -25.44 -132.43 -3.09 0.565 243
 245 3 -25.99 -134.14 -3.53 0.565 244
 246 3 -26.36 -136.14 -3.53 1.13 245
 247 3 -26.92 -137.85 -3.97 1.13 246
 248 3 -27.92 -139.56 -3.97 0.565 247
 249 3 -27.59 -141.36 -3.97 0.565 248
 250 3 -27.72 -143.16 -3.97 1.13 249
 251 3 -27.4 -144.96 -3.97 0.35 250
 252 3 -27.98 -146.66 -3.97 0.565 251
 253 3 -28.53 -148.37 -4.38 0.565 252
 254 3 -29.09 -150.18 -4.38 1.13 253
 255 3 -29.67 -151.89 -4.38 0.785 254
 256 3 -30.22 -153.59 -4.38 0.785 255
 257 3 -30.78 -155.4 -4.38 0.915 256
 258 3 -31.34 -157.11 -4.38 1.13 257
 259 3 -31.9 -158.81 -4.38 1.565 258
 260 3 -31.58 -160.61 -4.84 0.565 259
 261 3 -31.27 -162.41 -4.84 0.565 260
 262 3 -30.71 -164 -4.84 0.22 261
 263 3 -30.38 -165.8 -4.84 1.345 262
 264 3 -30.07 -167.59 -5.26 0.565 263
 265 3 -29.75 -169.39 -5.26 0.565 264
 266 3 -29.43 -171.18 -5.26 0.155 265
 267 3 -6.04 -5.05 1.16 0.855 4
 268 3 -9.87 -9.17 1.16 0.94 267
 269 3 -12.28 -8.79 0.73 0.625 268
 270 3 -13.45 -9.81 0.33 0.94 269
 271 3 -14.62 -10.84 0.33 0.94 270
 272 3 -15.81 -11.86 0.33 0.625 271
 273 3 -16.99 -12.9 -0.54 0.625 272
 274 3 -18.18 -13.93 -1.39 0.94 273
 275 3 -19.8 -14.93 -1.82 1.095 274
 276 3 -21.43 -15.92 -2.25 0.665 275
 277 3 -23.63 -15.78 -2.68 0.665 276
 278 3 -25.84 -15.62 -2.68 0.885 277
 279 3 -28.25 -15.24 -2.68 0.785 278
 280 3 -29.03 -13.84 -3.09 0.645 279
 281 3 -30.08 -12.66 -3.09 0.645 280
 282 3 -30.39 -10.87 -2.25 1.345 281
 283 3 -6.39 -4.07 0.73 3.435 267
 284 3 -7.19 -2.69 0.73 3.445 283
 285 3 -7.98 -1.29 0.33 3.375 284
 286 3 -8.97 0.3 -0.1 3.085 285
 287 3 -9.97 1.91 -0.1 2.88 286
 288 3 -10.98 3.53 -0.54 2.88 287
 289 3 -11.78 4.93 -0.97 2.53 288
 290 3 -13.28 5.7 -1.82 1.77 289
 291 3 -15.66 6.52 -2.25 1.88 290
 292 3 -17.06 5.72 -2.68 2.035 291
 293 3 -17.81 4.22 -3.09 1.485 292
 294 3 -19.65 3.47 -3.53 1.195 293
 295 3 -20.61 2.2 -3.53 0.94 294
 296 3 -21.79 1.17 -3.53 0.94 295
 297 3 -22.97 0.16 -3.53 0.625 296
 298 3 -24.16 -0.87 -3.97 0.94 297
 299 3 -25.33 -1.89 -3.97 0.94 298
 300 3 -26.52 -2.92 -3.97 0.94 299
 301 3 -27.71 -3.95 -3.97 0.94 300
 302 3 -28.89 -4.97 -3.97 0.94 301
 303 3 -30.28 -5.77 -4.38 1.095 302
 304 3 -31.45 -6.8 -4.38 1.095 303
 305 3 -32.83 -7.58 -4.38 1.095 304
 306 3 -34.22 -8.38 -4.38 0.99 305
 307 3 -35.82 -8.93 -4.38 0.47 306
 308 3 -37 -9.97 -4.38 0.47 307
 309 3 -38.38 -10.76 -4.38 0.35 308
 310 3 -39.97 -11.32 -4.38 0.495 309
 311 3 -41.57 -11.88 -4.38 0.495 310
 312 3 -42.27 -12.27 -4.38 1.345 311
 313 3 -43.15 -12.43 -4.38 0.565 312
 314 3 -44.96 -12.76 -4.38 0.7 313
 315 3 -46.76 -13.07 -4.38 0.47 314
 316 3 -48.14 -13.87 -4.38 0.47 315
 317 3 -49.53 -14.66 -4.38 0.47 316
 318 3 -50.92 -15.44 -4.38 0.47 317
 319 3 -52.32 -16.25 -4.38 0.47 318
 320 3 -53.68 -17.03 -3.97 0.47 319
 321 3 -55.09 -17.82 -3.97 0.47 320
 322 3 -56.47 -18.62 -3.97 0.625 321
 323 3 -57.85 -19.42 -3.97 0.8 322
 324 3 -59.22 -20.21 -3.97 0.47 323
 325 3 -60.62 -20.99 -3.97 0.8 324
 326 3 -61.81 -22.02 -3.97 0.495 325
 327 3 -62.58 -23.53 -3.97 0.955 326
 328 3 -63.75 -24.55 -3.53 0.47 327
 329 3 -65.13 -25.37 -3.53 0.315 328
 330 3 -66.74 -25.91 -3.53 0.47 329
 331 3 -68.12 -26.71 -3.53 0.47 330
 332 3 -69.51 -27.48 -3.09 0.47 331
 333 3 -70.89 -28.29 -3.09 0.47 332
 334 3 -72.27 -29.08 -3.09 0.47 333
 335 3 -73.68 -29.87 -3.09 0.8 334
 336 3 -75.06 -30.66 -2.68 0.565 335
 337 3 -76.86 -30.97 -2.68 0.7 336
 338 3 -78.64 -31.3 -2.68 0.915 337
 339 3 -80.38 -30.74 -2.68 0.445 338
 340 3 -82.18 -31.06 -3.53 0.915 339
 341 3 -83.98 -31.38 -3.97 0.445 340
 342 3 -85.77 -31.71 -4.38 0.35 341
 343 3 -87.78 -31.79 -4.84 1.005 342
 344 3 -89.61 -32.56 -5.26 0.47 343
 345 3 -90.58 -33.82 -5.69 0.625 344
 346 3 -91.56 -35.09 -5.69 0.645 345
 347 3 -93.17 -36.08 -6.13 0.99 346
 348 3 -94.55 -36.87 -6.98 0.47 347
 349 3 -95.55 -38.14 -6.98 0.315 348
 350 3 -96.51 -39.4 -6.98 0.315 349
 351 3 -97.48 -40.67 -6.98 0.645 350
 352 3 -98.67 -41.71 -6.98 0.565 351
 353 3 -99.22 -43.43 -6.98 0.565 352
 354 3 -99.6 -45.42 -6.98 0.565 353
 355 3 -99.94 -47.38 -6.98 0.565 354
 356 3 -100.3 -49.35 -6.98 0.35 355
 357 3 -100.88 -51.09 -6.98 0.35 356
 358 3 -101.44 -52.82 -6.98 0.35 357
 359 3 -101.99 -54.55 -6.98 0.565 358
 360 3 -102.56 -56.3 -6.98 0.565 359
 361 3 -103.12 -58.02 -6.98 0.565 360
 362 3 -103.49 -60.01 -6.98 0.565 361
 363 3 -103.83 -61.98 -7.42 0.565 362
 364 3 -104.19 -63.97 -7.42 1.13 363
 365 3 -104.79 -65.7 -7.84 0.565 364
 366 3 -105.26 -67.43 -7.42 0.565 365
 367 3 -105.84 -69.18 -7.42 0.565 366
 368 3 -106.42 -70.92 -6.98 0.785 367
 369 3 -107.5 -72.62 -6.55 0.565 368
 370 3 -107.98 -74.35 -6.98 0.565 369
 371 3 -108.56 -76.08 -6.98 0.565 370
 372 3 -109.13 -77.82 -6.98 0.565 371
 373 3 -110.11 -79.52 -6.98 0.22 372
 374 3 -110.69 -81.27 -7.42 0.7 373
 375 3 -111.27 -83.01 -7.84 1.445 374
 376 3 -112.46 -84.03 -7.84 1.105 375
 377 3 -113.24 -85.55 -7.84 1.445 376
 378 3 -114.43 -86.58 -7.84 0.99 377
 379 3 -115.41 -87.83 -7.84 0.315 378
 380 3 -116.6 -88.86 -7.42 0.99 379
 381 3 -117.58 -90.13 -6.98 0.315 380
 382 3 -118.97 -90.91 -6.98 0.315 381
 383 3 -120.26 -91.72 -6.98 0.47 382
 384 3 -121.75 -92.5 -7.42 0.8 383
 385 3 -123.34 -93.5 -7.42 0.99 384
 386 3 -124.73 -94.29 -6.98 0.315 385
 387 3 -125.72 -95.56 -7.42 1.14 386
 388 3 -126.7 -96.82 -7.42 0.565 387
 389 3 -127.18 -98.6 -7.84 0.7 388
 390 3 -127.76 -100.3 -8.27 0.645 389
 391 3 -128.74 -101.62 -7.84 0.645 390
 392 3 -129.73 -102.83 -7.42 0.495 391
 393 3 -130.51 -104.34 -7.84 0.315 392
 394 3 -131.49 -105.65 -7.84 0.8 393
 395 3 -132.48 -106.86 -8.27 1.345 394
 396 3 -133.05 -108.57 -8.27 1.005 395
 397 3 -133.33 -110.57 -7.84 1.13 396
 398 3 -133.91 -112.28 -7.42 0.47 397
 399 3 -135.3 -113.1 -7.84 0.8 398
 400 3 -136.69 -113.92 -8.27 0.315 399
 401 3 -137.67 -115.23 -7.84 0.47 400
 402 3 -138.66 -116.44 -7.42 0.315 401
 403 3 -139.84 -117.45 -6.98 1.255 402
 404 3 -43.25 -13.76 -4.84 0.625 312
 405 3 -44.22 -15.03 -4.84 0.47 404
 406 3 -45.2 -16.3 -4.84 0.955 405
 407 3 -46.17 -17.55 -4.84 0.565 406
 408 3 -46.74 -19.29 -4.84 1.13 407
 409 3 -47.3 -21.03 -4.84 0.495 408
 410 3 -48.08 -22.53 -4.84 0.315 409
 411 3 -49.05 -23.79 -4.84 0.47 410
 412 3 -50.02 -25.07 -4.84 0.495 411
 413 3 -50.79 -26.56 -4.84 0.955 412
 414 3 -51.98 -27.58 -5.26 0.445 413
 415 3 -52.53 -29.32 -5.26 0.565 414
 416 3 -53.1 -31.05 -5.26 0.565 415
 417 3 -53.66 -32.8 -5.26 0.565 416
 418 3 -53.33 -34.6 -5.26 0.565 417
 419 3 -53.02 -36.4 -5.26 1.005 418
 420 3 -53.37 -38.38 -5.26 0.565 419
 421 3 -53.93 -40.1 -5.69 0.565 420
 422 3 -54.3 -42.08 -5.69 0.785 421
 423 3 -54.42 -43.86 -5.69 0.565 422
 424 3 -54.77 -45.82 -6.13 0.565 423
 425 3 -55.33 -47.55 -6.13 0.565 424
 426 3 -55.92 -49.28 -6.13 0.35 425
 427 3 -55.59 -51.09 -6.55 0.565 426
 428 3 -55.71 -52.85 -6.55 0.565 427
 429 3 -55.38 -54.66 -6.98 0.785 428
 430 3 -55.3 -56.66 -6.98 0.565 429
 431 3 -55.86 -58.39 -6.98 0.445 430
 432 3 -56.43 -60.15 -7.42 1.13 431
 433 3 -56.99 -61.88 -7.42 0.495 432
 434 3 -57.75 -63.38 -7.42 0.47 433
 435 3 -58.72 -64.64 -7.84 0.315 434
 436 3 -59.7 -65.9 -7.84 0.315 435
 437 3 -60.9 -66.94 -7.84 0.495 436
 438 3 -61.66 -68.44 -8.27 0.565 437
 439 3 -62.01 -70.4 -8.27 0.565 438
 440 3 -62.57 -72.14 -8.27 0.565 439
 441 3 -63.15 -73.89 -8.27 0.565 440
 442 3 -63.5 -75.86 -8.68 0.785 441
 443 3 -64.07 -77.6 -8.68 0.565 442
 444 3 -64.62 -79.34 -9.13 0.565 443
 445 3 -65.19 -81.08 -9.13 0.565 444
 446 3 -65.75 -82.82 -9.13 0.565 445
 447 3 -66.31 -84.55 -9.13 0.7 446
 448 3 -66.88 -86.27 -9.13 0.47 447
 449 3 -67.85 -87.56 -9.13 0.47 448
 450 3 -68.82 -88.81 -9.13 0.955 449
 451 3 -69.81 -90.08 -9.56 1.595 450
 452 3 -70.99 -91.11 -9.56 1.29 451
 453 3 -71.95 -92.37 -9.56 0.625 452
 454 3 -18.63 4.71 -3.13 1.445 294
 455 3 -16.83 6.48 -1.2 1.34 454
 456 3 -16.08 6.1 -1.42 1.725 455
 457 3 -14.58 5.33 -1.42 2.035 456
 458 3 -13.32 4.36 -1.42 1.89 457
 459 3 -12.31 2.74 -1.42 1.835 458
 460 3 -17.57 6.87 -1 1.34 455
 461 3 -18.33 7.25 -1 1.34 460
 462 3 -21.18 6.21 -0.56 0.315 461
 463 3 -21.95 4.71 -0.56 0.315 462
 464 3 -22.73 3.22 -0.56 0.495 463
 465 3 -23.48 1.72 -0.56 0.495 464
 466 3 -24.25 0.24 -0.56 0.315 465
 467 3 -25.02 -1.26 -0.56 0.495 466
 468 3 -25.79 -2.75 -1 0.7 467
 469 3 -26.57 -4.26 -1 0.495 468
 470 3 -27.33 -5.76 -1 0.845 469
 471 3 -28.55 -7.22 -1 0.495 470
 472 3 -30.14 -7.79 -1 0.845 471
 473 3 -31.73 -8.33 -1 0.495 472
 474 3 -32.5 -9.83 -1 0.495 473
 475 3 -33.28 -11.33 -1 0.495 474
 476 3 -34.03 -12.84 -1 0.35 475
 477 3 -35.01 -14.1 -1 0.495 476
 478 3 -36 -15.38 -0.56 0.845 477
 479 3 -36.55 -17.11 -0.56 0.645 478
 480 3 -37.33 -18.61 -0.56 0.645 479
 481 3 -38.09 -20.11 -0.56 0.99 480
 482 3 -38.65 -21.86 -0.56 0.7 481
 483 3 -39.2 -23.58 -0.14 0.645 482
 484 3 -39.98 -25.08 0.3 0.495 483
 485 3 -40.53 -26.84 0.3 0.645 484
 486 3 -41.52 -28.1 0.69 0.495 485
 487 3 -42.29 -29.59 1.13 0.495 486
 488 3 -43.06 -31.1 1.13 0.445 487
 489 3 -43.62 -32.84 1.13 0.565 488
 490 3 -43.99 -34.81 1.13 0.35 489
 491 3 -44.54 -36.54 1.13 0.445 490
 492 3 -44.82 -37.41 1.13 0.445 491
 493 3 -46.66 -38.39 1.57 0.565 492
 494 3 -48.67 -38.48 1.57 1.005 493
 495 3 -50.68 -38.58 1.13 0.47 494
 496 3 -52.05 -39.35 1.57 0.47 495
 497 3 -53.44 -40.14 1.57 0.645 496
 498 3 -54.82 -40.94 2 0.8 497
 499 3 -56.46 -41.94 2 0.47 498
 500 3 -57.42 -43.2 2 0.315 499
 501 3 -58.62 -44.24 2.43 0.315 500
 502 3 -59.79 -45.26 2.86 0.8 501
 503 3 -61.2 -46.51 3.27 0.47 502
 504 3 -62.18 -47.76 2.86 0.8 503
 505 3 -63.6 -49.01 2.43 0.47 504
 506 3 -64.98 -49.79 2.86 0.47 505
 507 3 -66.38 -50.59 2.86 0.47 506
 508 3 -67.76 -51.38 3.27 0.47 507
 509 3 -69.14 -52.17 3.72 0.47 508
 510 3 -70.53 -52.98 4.15 0.8 509
 511 3 -71.95 -54.2 4.15 0.35 510
 512 3 -73.96 -54.28 4.57 0.915 511
 513 3 -75.75 -54.59 5.01 0.315 512
 514 3 -77.12 -55.39 5.01 0.8 513
 515 3 -78.55 -56.63 4.57 0.47 514
 516 3 -79.54 -57.89 5.01 0.47 515
 517 3 -80.5 -59.16 5.44 0.47 516
 518 3 -81.47 -60.42 5.88 0.495 517
 519 3 -82.89 -61.66 6.3 0.565 518
 520 3 -83.25 -63.64 7.17 0.155 519
 521 3 -45.1 -38.28 1.13 0.445 492
 522 3 -45.67 -40.01 1.13 0.915 521
 523 3 -46.23 -41.74 1.13 0.47 522
 524 3 -47.2 -43.02 1.13 0.47 523
 525 3 -48.2 -44.29 1.13 0.8 524
 526 3 -49.16 -45.54 1.13 0.565 525
 527 3 -49.73 -47.29 1.57 0.565 526
 528 3 -50.29 -49.02 1.57 0.565 527
 529 3 -50.85 -50.75 1.57 0.565 528
 530 3 -51.42 -52.51 1.57 0.445 529
 531 3 -51.96 -54.24 1.57 0.445 530
 532 3 -52.54 -55.97 1.57 0.565 531
 533 3 -53.1 -57.71 1.57 0.565 532
 534 3 -53.66 -59.46 1.57 0.565 533
 535 3 -54.23 -61.19 1.57 0.565 534
 536 3 -54.8 -62.92 1.57 0.35 535
 537 3 -55.35 -64.66 2 0.35 536
 538 3 -55.92 -66.4 2 0.565 537
 539 3 -56.27 -68.36 2 0.35 538
 540 3 -56.85 -70.11 2 0.565 539
 541 3 -57.41 -71.85 2.43 0.565 540
 542 3 -57.96 -73.57 2.43 0.565 541
 543 3 -58.53 -75.33 2.43 0.445 542
 544 3 -59.08 -77.06 2.43 0.565 543
 545 3 -60.1 -78.78 2.43 0.35 544
 546 3 -60.86 -80.27 2.43 0.35 545
 547 3 -61.62 -81.77 2.43 0.22 546
 548 3 -62.2 -83.52 2.43 0.565 547
 549 3 -62.55 -85.47 2.43 0.35 548
 550 3 -63.11 -87.22 2.43 0.565 549
 551 3 -63.67 -88.95 2.43 0.785 550
 552 3 -64.24 -90.68 2.86 0.955 551
 553 3 -63.69 -92.28 3.72 0.785 552
 554 3 -19.07 7.64 -1 0.785 461
 555 3 -19.87 9.01 -1 0.625 554
 556 3 -20.91 10.19 -0.56 0.645 555
 557 3 -22.66 10.76 -0.56 0.845 556
 558 3 -24.14 11.54 -0.56 0.99 557
 559 3 -25.65 12.31 -0.56 1.05 558
 560 3 -27.39 12.86 -0.56 0.99 559
 561 3 -28.13 13.25 -0.56 0.99 560
 562 3 -28 16.89 -1.42 1.05 561
 563 3 -28.54 18.49 -1.42 0.845 562
 564 3 -28.86 20.29 -1.42 0.495 563
 565 3 -29.18 22.09 -1.42 0.645 564
 566 3 -29.73 23.68 -1.42 0.665 565
 567 3 -29.6 25.9 -1.42 0.445 566
 568 3 -29.44 28.11 -1.42 1.33 567
 569 3 -29.74 30.35 -1.42 0.495 568
 570 3 -28.96 31.85 -1.42 0.495 569
 571 3 -28.2 33.34 -1.42 0.645 570
 572 3 -27.63 35.07 -1.42 0.7 571
 573 3 -26.87 36.57 -1.42 0.445 572
 574 3 -26.7 38.8 -1.42 0.445 573
 575 3 -26.56 41.02 -1.42 0.665 574
 576 3 -26.39 43.21 -1.42 0.665 575
 577 3 -26.25 45.43 -1.42 0.665 576
 578 3 -26.1 47.63 -1.42 1.105 577
 579 3 -25.96 49.85 -1.42 0.495 578
 580 3 -25.19 51.34 -1.42 0.495 579
 581 3 -24.42 52.84 -1.42 0.845 580
 582 3 -23.63 54.34 -1.42 0.445 581
 583 3 -23.48 56.56 -1.42 0.665 582
 584 3 -23.34 58.76 -1.42 0.665 583
 585 3 -23.18 60.97 -1.42 0.445 584
 586 3 -23.02 63.17 -1.42 0.665 585
 587 3 -22.89 65.39 -1.42 0.445 586
 588 3 -22.74 67.61 -1.42 0.445 587
 589 3 -22.58 69.8 -1.42 0.445 588
 590 3 -22.44 72.02 -1.42 0.445 589
 591 3 -22.28 74.22 -1.42 0.445 590
 592 3 -22.12 76.44 -1.42 0.445 591
 593 3 -21.98 78.66 -1.42 0.885 592
 594 3 -22.26 80.88 -1.42 0.885 593
 595 3 -22.55 83.13 -1.42 0.665 594
 596 3 -22.4 85.33 -1.42 0.665 595
 597 3 -22.27 87.54 -1.42 0.885 596
 598 3 -22.1 89.75 -1.42 0.315 597
 599 3 -22.65 91.34 -1.42 0.845 598
 600 3 -23.22 92.93 -1 0.885 599
 601 3 -23.05 95.15 -1 0.315 600
 602 3 -23.61 96.75 -1 0.495 601
 603 3 -24.18 98.34 -1 0.845 602
 604 3 -25.18 99.95 -1 0.445 603
 605 3 -25.01 102.17 -1 1.105 604
 606 3 -24.85 104.38 -0.56 0.7 605
 607 3 -25.19 106.18 -0.56 0.845 606
 608 3 -25.51 107.98 -0.56 1.05 607
 609 3 -26.06 109.57 -0.14 0.445 608
 610 3 -26.36 111.77 -0.14 0.665 609
 611 3 -26.22 113.97 -0.14 0.47 610
 612 3 -26.33 115.57 -0.14 0.845 611
 613 3 -26.88 117.16 -0.14 0.495 612
 614 3 -27.44 118.75 -0.14 0.495 613
 615 3 -27.77 120.55 0.3 0.35 614
 616 3 -28.08 122.34 0.3 0.35 615
 617 3 -28.39 124.14 0.3 0.35 616
 618 3 -28.95 125.73 0.3 0.495 617
 619 3 -29.26 127.53 0.3 0.495 618
 620 3 -29.6 129.33 0.3 0.495 619
 621 3 -29.91 131.12 0.3 0.495 620
 622 3 -30.23 132.92 0.3 0.35 621
 623 3 -30.09 135.12 0.3 1.105 622
 624 3 -29.92 137.32 0.3 0.445 623
 625 3 -30.23 139.62 -0.14 0.665 624
 626 3 -30.54 141.42 -0.14 1.05 625
 627 3 -31.34 142.81 0.3 1.14 626
 628 3 -29.91 144.02 -0.56 0.99 627
 629 3 -29.13 145.53 -0.56 0.99 628
 630 3 -28.38 147.04 -0.56 0.495 629
 631 3 -27.61 148.55 -1 0.7 630
 632 3 -26.63 149.77 -1 0.35 631
 633 3 -26.47 151.97 -1 1.105 632
 634 3 -26.34 154.17 -1.42 1.105 633
 635 3 -26.17 156.37 -1.42 0.665 634
 636 3 -26.02 158.57 -1.42 0.665 635
 637 3 -26.32 160.87 -1.42 0.665 636
 638 3 -26.18 163.07 -1.85 0.665 637
 639 3 -26 165.27 -1.85 0.445 638
 640 3 -26.57 166.87 -1.85 0.99 639
 641 3 -26.9 168.66 -1.85 0.35 640
 642 3 -27.22 170.46 -1.85 0.35 641
 643 3 -28.72 171.24 -1.85 0.35 642
 644 3 -27.18 170.96 -1 0.565 643
 645 3 -25.44 170.38 -1 0.565 644
 646 3 -23.7 169.8 -1 0.565 645
 647 3 -23.37 171.31 -0.14 0.785 646
 648 3 -22.8 173.01 -0.14 1.13 647
 649 3 -22.25 174.82 -0.14 0.7 648
 650 3 -21.67 176.53 -0.14 0.47 649
 651 3 -20.71 177.84 -0.14 0.8 650
 652 3 -19.74 179.05 -0.14 0.565 651
 653 3 -19.17 180.76 -0.14 0.565 652
 654 3 -18.62 182.57 -0.14 0.625 653
 655 3 -18.41 182.27 -0.14 0.665 654
 656 3 -18.25 184.47 -0.56 0.445 655
 657 3 -18.09 186.67 -0.56 0.445 656
 658 3 -17.95 188.88 -0.56 0.665 657
 659 3 -17.79 191.08 -1 1.33 658
 660 3 -17.64 193.38 -1 0.495 659
 661 3 -16.88 194.89 -1 0.495 660
 662 3 -16.32 196.6 -1 0.495 661
 663 3 -15.54 198.11 -1 0.495 662
 664 3 -14.97 199.81 -1 0.495 663
 665 3 -15.55 201.41 -1 0.315 664
 666 3 -16.33 202.8 -1.42 0.495 665
 667 3 -16.89 204.39 -1.85 0.495 666
 668 3 -17.43 205.98 -1.42 0.645 667
 669 3 -18 207.58 -1 0.955 668
 670 3 -23.7 169.8 -0.56 0.565 646
 671 3 -21.96 169.22 -0.56 0.565 670
 672 3 -20.19 169.05 -0.56 0.35 671
 673 3 -18.45 168.57 -0.56 0.785 672
 674 3 -16.72 167.99 -0.56 0.445 673
 675 3 -14.92 168.31 -0.56 0.35 674
 676 3 -13.34 168.83 -0.56 0.565 675
 677 3 -11.74 169.45 -0.56 0.785 676
 678 3 -10.14 169.97 -0.56 0.445 677
 679 3 -8.35 170.29 -0.56 0.565 678
 680 3 -6.78 170.81 -0.56 1.005 679
 681 3 -5.19 171.43 -0.56 0.565 680
 682 3 -3.39 171.76 -0.56 1.13 681
 683 3 -1.79 172.28 -0.56 0.495 682
 684 3 -0.21 172.8 -0.56 0.47 683
 685 3 1.16 173.61 -0.56 0.47 684
 686 3 2.54 174.43 -0.56 0.47 685
 687 3 3.93 175.25 -0.56 0.47 686
 688 3 5.33 175.96 -0.56 0.645 687
 689 3 6.72 176.78 -0.56 0.565 688
 690 3 8.49 176.7 -0.56 0.445 689
 691 3 10.29 177.03 -0.14 0.155 690
 692 3 -28.72 171.24 -1.42 0.7 643
 693 3 -30.22 172.02 -1.42 0.35 692
 694 3 -31.71 172.8 -1.42 0.35 693
 695 3 -33.92 172.88 -1.85 1.33 694
 696 3 -35.45 173.26 -2.27 0.845 695
 697 3 -36.95 174.04 -1.85 0.645 696
 698 3 -38.45 174.82 -1.85 0.495 697
 699 3 -39.96 175.6 -1.85 0.645 698
 700 3 -41.46 176.28 -1.85 0.35 699
 701 3 -42.96 177.06 -1.85 0.35 700
 702 3 -45.17 177.24 -1.85 1.105 701
 703 3 -47.15 177.61 -1.85 0.445 702
 704 3 -49.11 177.99 -1.85 0.445 703
 705 3 -51.29 178.56 -1.85 0.665 704
 706 3 -53.49 178.73 -1.85 0.665 705
 707 3 -55.1 178.21 -2.27 1.195 706
 708 3 -56.69 177.59 -2.27 0.495 707
 709 3 -58.48 177.27 -2.27 0.495 708
 710 3 -60.01 177.65 -2.27 0.845 709
 711 3 -61.75 178.13 -2.71 0.495 710
 712 3 -63.48 178.71 -2.71 0.495 711
 713 3 -64.99 179.49 -2.71 0.495 712
 714 3 -66.48 180.27 -2.71 0.495 713
 715 3 -68 181.05 -2.71 1.4 714
 716 3 -69.97 181.43 -3.13 1.105 715
 717 3 -72.18 181.5 -3.56 0.665 716
 718 3 -74.15 181.88 -4 0.665 717
 719 3 -76.4 181.65 -4.86 0.885 718
 720 3 -78.63 181.32 -5.3 0.665 719
 721 3 -28.89 13.62 -0.56 0.99 561
 722 3 -30.62 14.18 -0.14 0.885 721
 723 3 -32.83 14.35 -0.14 0.665 722
 724 3 -35.03 14.5 -0.14 0.665 723
 725 3 -37.23 14.65 -0.14 0.885 724
 726 3 -39.69 14.61 -0.14 0.665 725
 727 3 -40.79 14.68 -0.14 0.665 726
 728 3 -44.18 14.03 1.13 0.645 727
 729 3 -45.78 13.46 1.13 0.645 728
 730 3 -46.42 13.73 2 0.94 729
 731 3 -47.67 14.69 2.86 0.785 730
 732 3 -48.48 16.08 3.72 0.645 731
 733 3 -50.22 16.65 3.72 0.495 732
 734 3 -51.94 17.21 3.72 0.845 733
 735 3 -53.44 17.99 3.27 0.845 734
 736 3 -54.94 18.74 4.15 0.7 735
 737 3 -56.45 19.52 5.01 0.7 736
 738 3 -57.48 20.71 5.01 0.785 737
 739 3 -58.5 21.89 5.44 0.47 738
 740 3 -60.01 22.65 5.44 0.845 739
 741 3 -61.51 23.42 5.88 0.495 740
 742 3 -62.77 24.39 6.3 0.785 741
 743 3 -63.8 25.57 6.3 0.625 742
 744 3 -64.82 26.75 6.3 0.47 743
 745 3 -65.62 28.15 6.3 0.315 744
 746 3 -66.66 29.34 6.3 0.47 745
 747 3 -67.44 30.72 6.3 0.47 746
 748 3 -68.24 32.11 6.3 0.315 747
 749 3 -69.26 33.28 6.3 0.47 748
 750 3 -70.29 34.45 6.3 0.47 749
 751 3 -71.56 35.45 6.3 0.625 750
 752 3 -72.82 36.42 6.3 0.47 751
 753 3 -74.1 37.39 6.3 0.645 752
 754 3 -75.59 38.16 6.3 0.495 753
 755 3 -77.09 38.92 6.3 0.495 754
 756 3 -78.36 39.91 6.73 0.645 755
 757 3 -78.83 39.5 7.17 0.785 756
 758 3 -45.78 13.46 0.69 0.7 729
 759 3 -47.4 12.47 0.69 0.47 758
 760 3 -48.58 11.43 0.69 0.47 759
 761 3 -49.76 10.42 0.69 0.47 760
 762 3 -50.95 9.38 0.69 0.47 761
 763 3 -52.11 8.36 1.13 1.095 762
 764 3 -53.29 7.33 1.57 0.495 763
 765 3 -54.87 6.76 1.57 0.495 764
 766 3 -56.69 6.44 2 0.495 765
 767 3 -58.49 6.12 2 0.495 766
 768 3 -60.07 5.57 2.43 0.495 767
 769 3 -61.66 5.01 2.43 0.495 768
 770 3 -63.26 4.45 2.43 0.7 769
 771 3 -64.85 3.9 2.43 0.665 770
 772 3 -67.05 4.04 2 0.445 771
 773 3 -69.26 4.19 2 0.445 772
 774 3 -71.47 4.34 2 1.105 773
 775 3 -73.69 4.51 2 0.845 774
 776 3 -74.48 4.23 2 0.845 775
 777 3 -75.29 3.94 2 0.445 776
 778 3 -77.73 3.89 2 1.33 777
 779 3 -79.91 4.49 2 1.105 778
 780 3 -82.11 4.63 2 0.495 779
 781 3 -83.49 3.85 2 0.495 780
 782 3 -84.89 3.06 1.57 0.35 781
 783 3 -86.48 2.5 1.57 0.7 782
 784 3 -88.07 1.96 1.57 0.495 783
 785 3 -89.65 1.38 1.13 0.495 784
 786 3 -91.04 0.6 1.13 0.35 785
 787 3 -92.63 0.03 1.13 0.645 786
 788 3 -94.43 -0.27 1.13 0.845 787
 789 3 -96.02 -0.82 1.13 0.645 788
 790 3 -97.83 -1.14 1.13 0.47 789
 791 3 -97.64 -1.82 0.69 0.625 790
 792 3 -98.63 -3.08 0.69 0.47 791
 793 3 -99.81 -4.11 0.69 0.625 792
 794 3 -100.99 -5.13 0.69 0.495 793
 795 3 -101.76 -6.64 0.69 0.645 794
 796 3 -89.09 3.12 1.57 0.645 784
 797 3 -90.12 4.29 1.57 0.955 796
 798 3 -91.64 5.07 2 0.445 797
 799 3 -93.44 4.75 2 0.565 798
 800 3 -95.24 4.44 2 0.565 799
 801 3 -97.03 4.12 2 0.565 800
 802 3 -98.82 3.78 2 0.7 801
 803 3 -100.62 3.46 2 0.47 802
 804 3 -102.03 2.69 2 0.8 803
 805 3 -103.41 1.89 2 0.565 804
 806 3 -105.22 1.58 2 0.785 805
 807 3 -107.02 1.25 2 0.47 806
 808 3 -108.41 0.46 2 0.315 807
 809 3 -110 -0.09 2 0.315 808
 810 3 -111.39 -0.88 2 0.315 809
 811 3 -112.78 -1.66 2 0.645 810
 812 3 -114.28 -2.22 2 0.35 811
 813 3 -116.38 -2.3 2 0.565 812
 814 3 -118.17 -2.63 2 0.915 813
 815 3 -119.97 -2.95 2 0.315 814
 816 3 -121.36 -3.74 1.57 0.8 815
 817 3 -122.75 -4.53 1.57 0.7 816
 818 3 -124.54 -4.87 1.57 0.565 817
 819 3 -126.34 -5.18 1.57 0.625 818
 820 3 -81 1.48 2 0.495 779
 821 3 -81.77 -0.03 2 0.955 820
 822 3 -81.77 -0.03 1.57 0.47 821
 823 3 -82.75 -1.28 1.57 0.47 822
 824 3 -83.73 -2.56 1.57 0.47 823
 825 3 -84.5 -4.05 1.13 0.645 824
 826 3 -85.03 -5.34 1.57 0.8 825
 827 3 -85.78 -6.84 2 0.495 826
 828 3 -86.57 -8.34 1.57 0.645 827
 829 3 -87.53 -9.62 1.13 0.47 828
 830 3 -88.1 -11.33 1.57 1.13 829
 831 3 -88.86 -12.86 1.57 0.645 830
 832 3 -89.85 -14.11 1.13 0.315 831
 833 3 -90.81 -15.39 0.69 0.47 832
 834 3 -91.79 -16.66 0.3 0.47 833
 835 3 -92.76 -17.9 0.69 0.955 834
 836 3 -93.96 -18.95 0.69 0.495 835
 837 3 -95.12 -19.97 1.13 0.495 836
 838 3 -96.09 -21.24 0.69 0.645 837
 839 3 -97.08 -22.51 0.3 0.47 838
 840 3 -98.05 -23.76 0.3 0.99 839
 841 3 -99.03 -25.04 0.3 0.645 840
 842 3 -100 -26.29 0.69 0.315 841
 843 3 -100.97 -27.55 0.69 0.47 842
 844 3 -101.95 -28.84 0.69 0.8 843
 845 3 -103.13 -29.86 0.3 0.955 844
 846 3 -104.52 -30.65 0.3 0.47 845
 847 3 -105.91 -31.45 -0.14 0.47 846
 848 3 -106.9 -32.7 -0.56 0.99 847
 849 3 -107.88 -33.98 -0.56 0.645 848
 850 3 -108.46 -35.7 -0.14 0.7 849
 851 3 -108.94 -37.44 0.3 0.565 850
 852 3 -109.92 -38.72 -0.14 0.8 851
 853 3 -111.11 -39.74 -0.56 0.495 852
 854 3 -111.69 -41.47 -0.56 0.7 853
 855 3 -112.27 -43.21 -0.14 0.565 854
 856 3 -112.84 -44.94 -0.14 0.565 855
 857 3 -113.42 -46.69 0.3 0.565 856
 858 3 -114.2 -48.18 -0.14 0.955 857
 859 3 -114.89 -49.68 -0.14 0.955 858
 860 3 -115.87 -50.95 0.3 0.47 859
 861 3 -116.85 -52.22 0.69 0.315 860
 862 3 -117.43 -53.97 0.3 0.915 861
 863 3 -117.61 -55.73 0.69 1.13 862
 864 3 -117.69 -57.49 0.69 1.265 863
 865 3 -118.27 -59.23 1.13 2.04 864
 866 3 -119.15 -60.49 1.13 2.89 865
 867 3 -120.14 -61.76 1.13 2.395 866
 868 3 -121.02 -63.26 1.13 1.935 867
 869 3 -122.31 -64.05 1.57 0.99 868
 870 3 -123.29 -65.31 1.13 0.8 869
 871 3 -124.28 -66.59 0.69 0.47 870
 872 3 -125.67 -67.37 0.69 0.625 871
 873 3 -127.06 -68.17 1.13 0.47 872
 874 3 -128.45 -68.96 1.13 0.315 873
 875 3 -129.84 -69.76 1.13 0.47 874
 876 3 -131.23 -70.55 1.13 0.315 875
 877 3 -132.62 -71.34 1.13 0.99 876
 878 3 -134.21 -71.9 1.13 1.445 877
 879 3 -135.6 -72.7 0.69 0.47 878
 880 3 -137.19 -73.25 0.3 0.785 879
 881 3 -41.9 14.75 -0.14 0.665 727
 882 3 -44.11 14.9 -0.14 0.665 881
 883 3 -46.33 15.06 -0.14 0.885 882
 884 3 -48.54 15.19 0.3 1.105 883
 885 3 -50.72 15.78 0.69 0.99 884
 886 3 -52.45 16.35 0.69 1.105 885
 887 3 -54.87 16.74 1.57 1.105 886
 888 3 -57.28 17.14 2.86 0.885 887
 889 3 -59.7 17.53 4.15 0.885 888
 890 3 -62.14 17.47 4.57 0.495 889
 891 3 -63.64 18.24 4.57 0.495 890
 892 3 -65.14 19.02 4.57 0.495 891
 893 3 -66.65 19.77 4.57 0.645 892
 894 3 -68.38 20.33 4.57 0.845 893
 895 3 -69.87 21.1 4.57 0.845 894
 896 3 -71.61 21.67 4.57 0.845 895
 897 3 -73.43 21.35 4.57 0.7 896
 898 3 -74.93 22.13 4.57 0.35 897
 899 3 -76.65 22.68 5.01 0.495 898
 900 3 -78.16 23.45 5.01 0.495 899
 901 3 -79.66 24.23 5.01 0.845 900
 902 3 -81.16 25 5.01 0.445 901
 903 3 -83.58 25.39 5.44 0.665 902
 904 3 -85.78 25.54 5.44 0.445 903
 905 3 -88.19 25.93 5.44 0.665 904
 906 3 -90.41 26.06 5.88 0.665 905
 907 3 -92.62 26.23 5.88 0.885 906
 908 3 -94.83 26.38 5.88 0.47 907
 909 3 -95.86 27.54 5.88 0.47 908
 910 3 -96.89 28.73 5.88 0.315 909
 911 3 -97.91 29.91 5.88 0.47 910
 912 3 -98.95 31.11 5.88 0.47 911
 913 3 -99.97 32.28 5.88 0.625 912
 914 3 -101 33.46 5.88 0.625 913
 915 3 -102.27 34.44 5.88 0.495 914
 916 3 -103.76 35.2 5.88 0.7 915
 917 3 -105.28 35.98 5.88 0.47 916
 918 3 -106.27 37.16 5.88 0.47 917
 919 3 -107.28 38.33 5.88 0.625 918
 920 3 -108.4 39.53 5.88 0.495 919
 921 3 -109.9 40.28 5.88 1.195 920
 922 3 -111.12 41.26 5.44 0.845 921
 923 3 -112.82 41.82 5.44 0.47 922
 924 3 -113.94 43 5.44 0.495 923
 925 3 -114.46 44.6 5.44 0.315 924
 926 3 -114.98 46.2 5.44 0.7 925
 927 3 -115.5 47.78 5.44 0.315 926
 928 3 -116.61 48.95 5.01 0.625 927
 929 3 -117.63 50.13 4.57 0.495 928
 930 3 -119.14 50.92 4.57 0.495 929
 931 3 -120.65 51.69 4.57 0.315 930
 932 3 -122.16 52.45 4.57 0.315 931
 933 3 -123.57 53.21 4.57 0.495 932
 934 3 -125.08 53.99 4.57 0.35 933
 935 3 -126.59 54.76 4.57 0.645 934
 936 3 -128.1 55.53 4.57 0.645 935
 937 3 -129.61 56.3 4.57 0.99 936
 938 3 -131.12 57.06 4.15 0.785 937
 939 3 -131.93 58.45 4.15 0.47 938
 940 3 -132.95 59.63 4.15 0.315 939
 941 3 -133.96 60.81 4.15 0.47 940
 942 3 -134.98 62 4.57 0.94 941
 943 3 -135.99 63.18 4.57 2.035 942
 944 3 -137.11 64.36 5.01 1.565 943
 945 3 -138.12 65.54 5.44 0.94 944
 946 3 -139.14 66.71 5.88 0.625 945
 947 3 -139.85 68.1 5.88 0.625 946
 948 3 -140.97 69.29 5.88 0.315 947
 949 3 -142.18 70.27 5.88 1.095 948
 950 3 -95.31 25.97 5.88 0.47 908
 951 3 -96.69 25.16 5.88 0.625 950
 952 3 -98.08 24.39 5.88 0.315 951
 953 3 -99.04 23.12 5.88 0.47 952
 954 3 -100.02 21.86 5.88 0.47 953
 955 3 -101 20.59 5.88 0.8 954
 956 3 -101.97 19.34 5.88 0.645 955
 957 3 -102.75 17.82 5.88 0.495 956
 958 3 -103.52 16.3 5.88 0.47 957
 959 3 -104.49 15.05 5.88 0.47 958
 960 3 -105.47 13.79 5.88 0.47 959
 961 3 -106.46 12.52 5.88 0.645 960
 962 3 -107.65 11.5 5.88 0.8 961
 963 3 -108.63 10.22 5.88 0.8 962
 964 3 -109.41 8.72 5.88 0.645 963
 965 3 -110.3 7.46 5.88 0.47 964
 966 3 -111.69 6.68 5.88 0.645 965
 967 3 -113.08 5.88 5.88 0.625 966
 968 3 -0.56 6.82 0.33 2.215 1
 969 3 -2.98 7.19 1.6 1.565 968
 970 3 -4.01 8.37 2.02 1.105 969
 971 3 -3.86 10.6 2.02 1.105 970
 972 3 -3.71 12.8 2.02 1.33 971
 973 3 -3.67 13.25 1.6 0.94 972
 974 3 -3.98 15.04 2.02 0.645 973
 975 3 -4.78 16.43 2.02 0.645 974
 976 3 -4.83 18.87 2.9 0.7 975
 977 3 -4.27 20.6 2.9 0.7 976
 978 3 -3.71 22.34 2.9 1.005 977
 979 3 -3.6 24.1 3.3 0.7 978
 980 3 -3.03 25.84 3.75 0.785 979
 981 3 -3.36 27.65 4.17 0.565 980
 982 3 -3.66 29.45 4.17 0.915 981
 983 3 -3.99 31.25 4.17 0.155 982
 984 3 -4.78 32.63 4.17 0.47 983
 985 3 -5.57 34.01 4.59 0.315 984
 986 3 -6.34 35.41 4.59 0.47 985
 987 3 -7.12 36.79 4.59 0.625 986
 988 3 -7.93 38.18 4.59 0.47 987
 989 3 -8.73 39.58 5.03 0.47 988
 990 3 -9.51 40.95 5.03 0.47 989
 991 3 -10.31 42.34 5.03 0.47 990
 992 3 -11.11 43.73 5.03 0.47 991
 993 3 -11.9 45.11 5.48 0.495 992
 994 3 -12.92 46.29 5.48 0.47 993
 995 3 -13.71 47.67 5.48 0.495 994
 996 3 -14.74 48.86 5.48 0.495 995
 997 3 -15.78 50.05 5.9 0.315 996
 998 3 -16.57 51.42 5.9 0.47 997
 999 3 -17.36 52.81 5.9 0.47 998
 1000 3 -18.15 54.19 5.9 0.47 999
 1001 3 -18.95 55.58 5.9 0.47 1000
 1002 3 -19.74 56.97 5.9 0.315 1001
 1003 3 -20.53 58.35 5.9 0.625 1002
 1004 3 -21.33 59.74 6.32 0.645 1003
 1005 3 -22.35 60.92 6.32 0.645 1004
 1006 3 -23.62 61.91 6.32 0.645 1005
 1007 3 -24.88 62.88 6.32 0.955 1006
 1008 3 -26.15 63.84 6.32 0.8 1007
 1009 3 -27.19 65.03 6.32 0.645 1008
 1010 3 -28.44 66 6.32 0.47 1009
 1011 3 -29.71 66.99 6.32 0.47 1010
 1012 3 -30.97 67.94 6.32 0.47 1011
 1013 3 -32.23 68.92 6.32 0.625 1012
 1014 3 -33.03 70.32 6.32 0.625 1013
 1015 3 -33.82 71.71 6.32 0.625 1014
 1016 3 -34.62 73.09 6.32 0.625 1015
 1017 3 -35.41 74.48 6.32 0.47 1016
 1018 3 -36.19 75.86 6.32 0.8 1017
 1019 3 -36.76 77.46 5.9 0.565 1018
 1020 3 -36.85 79.46 5.9 0.565 1019
 1021 3 -37.16 81.25 5.9 0.7 1020
 1022 3 -37.49 83.06 5.9 0.315 1021
 1023 3 -38.27 84.43 5.48 0.315 1022
 1024 3 -39.09 85.83 5.48 0.315 1023
 1025 3 -40.11 87 5.48 0.495 1024
 1026 3 -41.13 88.18 5.03 0.495 1025
 1027 3 -42.17 89.37 5.03 0.495 1026
 1028 3 -42.71 90.96 4.59 0.625 1027
 1029 3 -43.51 92.34 4.59 0.625 1028
 1030 3 -44.31 93.74 4.59 0.625 1029
 1031 3 -45.09 95.11 4.59 0.645 1030
 1032 3 -45.89 96.5 4.59 0.8 1031
 1033 3 -46.68 97.88 4.59 0.315 1032
 1034 3 -47.71 99.06 4.59 0.625 1033
 1035 3 -48.27 100.67 4.59 0.315 1034
 1036 3 -49.07 102.05 4.59 0.47 1035
 1037 3 -49.12 104.08 5.03 0.785 1036
 1038 3 -49.46 105.88 5.48 0.565 1037
 1039 3 -49.77 107.67 5.48 0.7 1038
 1040 3 -50.8 108.86 5.9 0.8 1039
 1041 3 -52.09 109.85 6.32 0.47 1040
 1042 3 -53.33 110.83 6.32 0.645 1041
 1043 3 -54.59 111.81 6.32 0.47 1042
 1044 3 -55.87 112.7 6.76 0.47 1043
 1045 3 -56.66 114.09 7.19 0.8 1044
 1046 3 -57.46 115.48 7.19 0.47 1045
 1047 3 -58 117.07 7.61 0.495 1046
 1048 3 -58.58 118.66 7.61 0.645 1047
 1049 3 -58.45 120.47 7.61 0.565 1048
 1050 3 -58.75 122.26 8.05 0.565 1049
 1051 3 -58.84 124.26 8.05 0.35 1050
 1052 3 -59.18 126.06 8.05 0.565 1051
 1053 3 -59.5 127.85 8.05 0.565 1052
 1054 3 -59.59 129.85 8.05 0.35 1053
 1055 3 -59.89 131.65 8.47 0.565 1054
 1056 3 -60.22 133.45 8.47 0.565 1055
 1057 3 -61.48 134.43 8.47 1.29 1056
 1058 3 -62.52 135.62 9.34 0.8 1057
 1059 3 -63.54 136.8 9.77 0.495 1058
 1060 3 -63.86 138.6 9.77 1.13 1059
 1061 3 -4.78 16.43 2.46 0.99 975
 1062 3 -5.76 18.04 2.9 0.94 1061
 1063 3 -6.79 19.23 2.9 0.47 1062
 1064 3 -7.82 20.41 3.3 0.47 1063
 1065 3 -8.85 21.6 3.3 0.625 1064
 1066 3 -10.11 22.56 3.3 0.785 1065
 1067 3 -11.15 23.75 3.75 0.625 1066
 1068 3 -11.95 25.14 3.75 0.625 1067
 1069 3 -12.96 26.32 4.17 0.47 1068
 1070 3 -13.99 27.49 4.17 0.625 1069
 1071 3 -15.02 28.68 4.17 0.495 1070
 1072 3 -15.57 30.26 4.17 0.99 1071
 1073 3 -16.13 31.87 4.17 0.47 1072
 1074 3 -17.16 33.03 4.17 0.625 1073
 1075 3 -17.68 33.63 4.17 0.625 1074
 1076 3 -20.34 35.26 4.17 0.495 1075
 1077 3 -21.85 36.04 4.17 0.495 1076
 1078 3 -23.34 36.79 4.17 1.54 1077
 1079 3 -24.84 37.56 4.17 1.33 1078
 1080 3 -27.27 37.95 4.17 0.885 1079
 1081 3 -29.73 37.91 4.17 0.665 1080
 1082 3 -31.92 38.04 4.17 0.885 1081
 1083 3 -34.16 37.75 4.17 0.7 1082
 1084 3 -35.75 37.21 4.17 0.645 1083
 1085 3 -37.34 36.64 4.17 0.645 1084
 1086 3 -38.13 36.37 4.17 0.645 1085
 1087 3 -40.18 37.51 5.48 0.495 1086
 1088 3 -41.66 38.28 5.9 0.495 1087
 1089 3 -43.16 39.05 6.32 0.495 1088
 1090 3 -44.9 39.61 6.76 0.495 1089
 1091 3 -46.4 40.38 6.76 0.7 1090
 1092 3 -47.91 41.13 6.76 1.105 1091
 1093 3 -50.11 41.31 7.19 0.625 1092
 1094 3 -50.11 41.31 7.61 0.565 1093
 1095 3 -51.86 41.86 7.61 0.565 1094
 1096 3 -53.59 42.41 7.61 0.565 1095
 1097 3 -55.33 42.99 7.61 0.565 1096
 1098 3 -57.08 43.56 7.61 0.7 1097
 1099 3 -58.81 44.11 7.61 0.785 1098
 1100 3 -60.79 44.48 7.61 0.785 1099
 1101 3 -62.76 44.84 7.61 0.565 1100
 1102 3 -64.72 45.18 7.61 0.565 1101
 1103 3 -66.7 45.55 7.61 0.565 1102
 1104 3 -68.43 46.11 7.61 1.005 1103
 1105 3 -70.43 46.47 8.05 0.785 1104
 1106 3 -72.21 46.14 8.05 1.005 1105
 1107 3 -74.05 45.38 8.47 0.47 1106
 1108 3 -75.31 46.35 8.9 0.47 1107
 1109 3 -76.57 47.33 8.9 0.315 1108
 1110 3 -77.83 48.3 9.34 0.315 1109
 1111 3 -79.1 49.28 9.34 0.8 1110
 1112 3 -80.38 50.25 9.77 0.47 1111
 1113 3 -81.15 51.64 9.77 0.8 1112
 1114 3 -82.13 52.81 9.73 0.495 1113
 1115 3 -82.7 54.4 9.73 0.35 1114
 1116 3 -83.02 56.2 9.73 0.565 1115
 1117 3 -83.33 57.99 9.73 0.565 1116
 1118 3 -83.67 59.8 9.73 0.785 1117
 1119 3 -84.2 61.38 9.73 0.955 1118
 1120 3 -85.23 62.58 9.73 0.495 1119
 1121 3 -85.8 64.15 10.17 0.495 1120
 1122 3 -86.34 65.76 10.17 0.645 1121
 1123 3 -87.16 67.15 10.6 0.315 1122
 1124 3 -88.4 68.12 10.6 0.315 1123
 1125 3 -89.91 68.87 11.02 0.495 1124
 1126 3 -91.4 69.65 11.02 0.955 1125
 1127 3 -92.92 70.41 11.44 0.565 1126
 1128 3 -94.71 70.1 11.44 0.565 1127
 1129 3 -96.52 69.78 11.44 0.915 1128
 1130 3 -98.34 69.03 11.44 1.265 1129
 1131 3 -100.16 68.26 11.44 0.955 1130
 1132 3 -101.55 67.47 11.44 0.8 1131
 1133 3 -102.73 66.44 11.44 0.955 1132
 1134 3 -103.91 65.41 11.89 0.955 1133
 1135 3 -105.3 64.62 12.31 0.785 1134
 1136 3 -38.93 36.09 4.17 0.495 1086
 1137 3 -40.53 35.53 4.17 0.495 1136
 1138 3 -42.11 34.99 4.17 0.495 1137
 1139 3 -43.72 34.42 4.17 0.495 1138
 1140 3 -45.31 33.85 4.17 0.845 1139
 1141 3 -46.94 32.86 4.17 0.35 1140
 1142 3 -48.73 32.54 4.17 0.495 1141
 1143 3 -50.32 31.99 4.17 0.845 1142
 1144 3 -51.93 30.98 4.59 0.885 1143
 1145 3 -54.35 31.38 4.59 0.885 1144
 1146 3 -56.54 31.96 5.03 0.665 1145
 1147 3 -58.78 31.67 5.48 0.665 1146
 1148 3 -60.95 32.26 5.03 0.885 1147
 1149 3 -63.21 31.99 5.48 0.785 1148
 1150 3 -64.22 33.16 5.48 0.47 1149
 1151 3 -65.26 34.35 5.48 0.47 1150
 1152 3 -66.28 35.52 5.48 0.94 1151
 1153 3 -67.54 36.5 5.48 0.495 1152
 1154 3 -68.82 37.48 5.03 0.645 1153
 1155 3 -70.32 38.24 5.03 0.315 1154
 1156 3 -71.81 39 5.03 0.495 1155
 1157 3 -73.32 39.78 5.03 0.845 1156
 1158 3 -74.81 40.55 5.03 0.845 1157
 1159 3 -76.55 41.13 4.59 0.785 1158
 1160 3 -18.19 34.23 4.17 0.7 1075
 1161 3 -18.75 35.81 4.17 0.645 1160
 1162 3 -19.55 37.2 4.17 0.845 1161
 1163 3 -20.1 38.79 4.17 0.845 1162
 1164 3 -20.1 38.79 4.59 0.315 1163
 1165 3 -16.77 39.34 4.3 0.35 1164
 1166 3 -13.81 40.14 4.17 0.35 1165
 1167 3 -12.2 40.7 4.17 0.35 1166
 1168 3 -10.61 41.25 4.17 0.35 1167
 1169 3 -9.02 41.82 4.17 0.495 1168
 1170 3 -7.42 42.37 3.75 0.35 1169
 1171 3 -5.82 42.92 3.75 0.99 1170
 1172 3 -4.28 43.02 3.75 1.33 1171
 1173 3 -2.28 43.11 3.75 0.625 1172
 1174 3 -1.09 44.14 3.75 0.47 1173
 1175 3 0.27 44.93 3.75 0.47 1174
 1176 3 1.45 45.97 3.3 0.785 1175
 1177 3 2.63 46.98 3.3 0.625 1176
 1178 3 -15.4 39.58 4.17 0.7 1165
 1179 3 -16.99 39.02 4.17 0.495 1178
 1180 3 -18.58 38.47 4.17 0.495 1179
 1181 3 -21.13 39.97 4.59 0.47 1163
 1182 3 -21.92 41.36 4.59 0.47 1181
 1183 3 -22.95 42.54 4.59 0.47 1182
 1184 3 -23.97 43.71 4.59 0.47 1183
 1185 3 -25.02 44.9 4.59 0.785 1184
 1186 3 -26.28 45.87 4.59 0.47 1185
 1187 3 -27.54 46.86 4.59 0.47 1186
 1188 3 -28.8 47.83 4.59 0.495 1187
 1189 3 -30.3 48.6 4.59 0.495 1188
 1190 3 -32.04 49.16 4.59 0.7 1189
 1191 3 -33.77 49.72 4.59 0.47 1190
 1192 3 -34.81 50.91 4.59 0.47 1191
 1193 3 -35.85 52.09 4.59 0.315 1192
 1194 3 -37.1 53.06 5.03 0.315 1193
 1195 3 -38.12 54.23 5.03 0.47 1194
 1196 3 -38.91 55.61 5.03 0.94 1195
 1197 3 -40.18 56.61 5.48 0.495 1196
 1198 3 -41.45 57.57 5.9 0.495 1197
 1199 3 -42.72 58.55 6.32 0.495 1198
 1200 3 -44.24 59.31 6.32 0.315 1199
 1201 3 -45.72 60.09 6.32 0.495 1200
 1202 3 -47.23 60.85 6.32 0.35 1201
 1203 3 -48.96 61.41 6.32 0.495 1202
 1204 3 -50.46 62.18 6.32 0.35 1203
 1205 3 -52.2 62.75 6.32 0.35 1204
 1206 3 -53.94 63.31 5.9 0.495 1205
 1207 3 -55.45 64.08 5.9 0.495 1206
 1208 3 -56.95 64.85 5.9 0.495 1207
 1209 3 -58.44 65.61 5.9 0.495 1208
 1210 3 -59.71 66.6 5.9 0.315 1209
 1211 3 -60.73 67.77 5.9 0.47 1210
 1212 3 -61.52 69.15 5.9 0.94 1211
 1213 3 -62.79 70.15 6.32 0.495 1212
 1214 3 -64.29 70.9 6.32 0.645 1213
 1215 3 -66.04 71.47 6.76 0.47 1214
 1216 3 -67.06 72.65 6.76 0.315 1215
 1217 3 -68.09 73.82 6.76 0.47 1216
 1218 3 -69.12 75.02 6.76 0.315 1217
 1219 3 -70.15 76.2 6.76 0.315 1218
 1220 3 -71.16 77.38 6.76 0.625 1219
 1221 3 -72.22 78.55 6.76 0.495 1220
 1222 3 -73.7 79.32 6.76 0.7 1221
 1223 3 -75.21 80.09 6.76 0.315 1222
 1224 3 -76.47 81.07 6.76 0.47 1223
 1225 3 -77.49 82.25 6.76 0.315 1224
 1226 3 -78.76 83.23 6.76 0.625 1225
 1227 3 -80.02 84.2 6.76 0.47 1226
 1228 3 -81.06 85.38 6.76 0.47 1227
 1229 3 -82.09 86.56 6.76 0.47 1228
 1230 3 -83.11 87.74 6.76 1.255 1229
 1231 3 -84.39 88.73 7.19 0.7 1230
 1232 3 -84.7 90.52 7.19 0.94 1231
 1233 3 -85.96 91.48 7.61 0.47 1232
 1234 3 -86.77 92.88 7.61 0.47 1233
 1235 3 -87.78 94.05 8.05 0.47 1234
 1236 3 -88.82 95.25 8.05 0.47 1235
 1237 3 -89.83 96.41 8.47 0.47 1236
 1238 3 -90.87 97.6 8.47 0.47 1237
 1239 3 -91.9 98.79 8.47 0.47 1238
 1240 3 -93.16 99.75 8.47 0.94 1239
 1241 3 -94.44 100.73 8.47 0.845 1240
 1242 3 -96.17 101.3 8.47 0.47 1241
 1243 3 -97.2 102.48 8.47 0.315 1242
 1244 3 -98.23 103.67 8.47 0.625 1243
 1245 3 -99.26 104.86 8.9 0.495 1244
 1246 3 -99.4 105.14 8.9 0.845 1245
 1247 3 -100.1 106.1 8.9 0.47 1246
 1248 3 -100.87 107.14 9.77 0.94 1247
 1249 3 -102.14 108.12 10.63 0.495 1248
 1250 3 -103.64 108.9 10.63 0.495 1249
 1251 3 -105.14 109.68 10.63 0.845 1250
 1252 3 -106.88 110.26 10.63 0.665 1251
 1253 3 -109.08 110.44 10.63 1.33 1252
 1254 3 3.41 6.54 -0.97 3.445 1
 1255 3 4.59 7.57 -0.97 2.975 1254
 1256 3 6.8 7.42 -0.97 1.77 1255
 1257 3 9 7.27 -0.97 0.665 1256
 1258 3 10.59 7.82 -0.97 0.99 1257
 1259 3 11.98 8.62 -0.97 0.495 1258
 1260 3 13.37 9.4 -0.97 0.94 1259
 1261 3 14.96 9.97 -1.39 1.05 1260
 1262 3 16.56 10.52 -1.82 0.845 1261
 1263 3 18.14 11.09 -1.82 1.34 1262
 1264 3 19.73 11.64 -1.82 0.99 1263
 1265 3 21.11 12.43 -1.82 1.255 1264
 1266 3 22.51 13.21 -1.82 1.41 1265
 1267 3 24.1 13.78 -2.68 1.685 1266
 1268 3 25.07 15.04 -3.97 1.34 1267
 1269 3 26.05 16.3 -5.26 1.34 1268
 1270 3 26.81 17.8 -6.13 0.845 1269
 1271 3 27.82 19.52 -6.13 0.845 1270
 1272 3 27.82 19.52 -6.55 0.845 1271
 1273 3 29.24 20.75 -6.98 1.565 1272
 1274 3 30.43 21.79 -7.84 0.94 1273
 1275 3 31.6 22.82 -8.27 0.785 1274
 1276 3 32.78 23.83 -9.13 0.47 1275
 1277 3 33.96 24.87 -9.97 0.625 1276
 1278 3 35.14 25.89 -10.85 0.94 1277
 1279 3 36.76 26.88 -11.28 0.625 1278
 1280 3 37.95 27.92 -12.56 1.255 1279
 1281 3 39.13 28.95 -13.43 1.41 1280
