1 6 0 0 0 3.947 -1
2 6 -0.06 -0.06 0 3.926 1
3 6 -0.1 -0.14 0 3.926 2
4 6 -0.13 -0.23 0 3.926 3
5 6 -0.11 -0.24 0 3.926 4
6 6 -0.09 -0.24 0 3.926 5
7 6 -0.03 -0.28 0 3.926 6
8 6 0.06 -0.33 0 3.926 7
9 6 0.28 -0.43 0.01 3.926 8
10 6 0.71 -0.64 0.02 3.864 9
11 6 1.13 -0.86 0.03 3.764 10
12 6 1.56 -1.07 0.04 3.629 11
13 6 1.99 -1.26 0.06 3.459 12
14 6 2.43 -1.43 0.08 3.258 13
15 6 2.89 -1.57 0.12 3.027 14
16 6 3.37 -1.65 0.17 2.774 15
17 6 3.85 -1.67 0.19 2.507 16
18 6 4.33 -1.65 0.2 2.242 17
19 6 4.81 -1.59 0.17 1.991 18
20 6 5.29 -1.5 0.14 1.768 19
21 6 5.77 -1.4 0.11 1.579 20
22 6 6.25 -1.25 0.11 1.43 21
23 6 6.74 -1.11 0.1 1.318 22
24 6 7.23 -0.95 0.09 1.239 23
25 6 7.73 -0.78 0.08 1.184 24
26 6 8.24 -0.59 0.04 1.145 25
27 6 8.75 -0.37 -0.02 1.116 26
28 6 9.24 -0.16 -0.15 1.09 27
29 6 9.74 0.07 -0.35 1.06 28
30 6 10.15 0.25 -0.33 1.067 29
31 6 10.57 0.43 -0.35 1.062 30
32 6 10.99 0.63 -0.39 1.047 31
33 6 11.43 0.82 -0.43 1.024 32
34 6 11.84 1.02 -0.48 0.998 33
35 6 12.26 1.21 -0.52 0.974 34
36 6 12.68 1.4 -0.54 0.953 35
37 6 13.16 1.56 -0.55 0.952 36
38 6 13.64 1.71 -0.55 0.95 37
39 6 14.11 1.86 -0.55 0.94 38
40 6 14.58 2 -0.54 0.917 39
41 6 15.05 2.12 -0.53 0.881 40
42 6 15.52 2.22 -0.54 0.832 41
43 6 16 2.33 -0.55 0.773 42
44 6 16.47 2.42 -0.54 0.715 43
45 6 16.95 2.51 -0.53 0.665 44
46 6 17.42 2.61 -0.52 0.63 45
47 6 17.9 2.72 -0.53 0.613 46
48 6 18.38 2.84 -0.52 0.608 47
49 6 18.86 2.95 -0.51 0.607 48
50 6 19.31 3.09 -0.47 0.601 49
51 6 19.77 3.24 -0.42 0.583 50
52 6 20.21 3.41 -0.32 0.552 51
53 6 20.64 3.61 -0.19 0.513 52
54 6 21.03 3.83 -0.05 0.469 53
55 6 21.19 4.24 -0.25 0.422 54
56 6 21.34 4.71 -0.42 0.379 55
57 6 21.47 5.18 -0.59 0.342 56
58 6 21.59 5.65 -0.74 0.314 57
59 6 21.69 6.14 -0.89 0.296 58
60 6 21.8 6.6 -1.04 0.29 59
61 6 21.91 7.08 -1.19 0.295 60
62 6 22.03 7.55 -1.33 0.309 61
63 6 22.14 8.02 -1.47 0.33 62
64 6 22.25 8.49 -1.61 0.356 63
65 6 22.36 8.96 -1.76 0.384 64
66 6 22.44 9.44 -1.88 0.412 65
67 6 22.52 9.92 -2.01 0.44 66
68 6 22.59 10.4 -2.14 0.466 67
69 6 22.66 10.89 -2.27 0.49 68
70 6 22.73 11.36 -2.39 0.512 69
71 6 22.78 11.85 -2.49 0.532 70
72 6 22.82 12.34 -2.58 0.55 71
73 6 22.87 12.83 -2.64 0.565 72
74 6 22.9 13.33 -2.7 0.578 73
75 6 22.94 13.83 -2.76 0.588 74
76 6 23 14.33 -2.81 0.595 75
77 6 23.05 14.82 -2.86 0.599 76
78 6 23.11 15.32 -2.89 0.598 77
79 6 23.18 15.82 -2.94 0.595 78
80 6 23.25 16.3 -2.99 0.591 79
81 6 23.33 16.8 -3.04 0.588 80
82 6 23.4 17.3 -3.11 0.587 81
83 6 23.48 17.79 -3.16 0.59 82
84 6 23.58 18.27 -3.22 0.596 83
85 6 23.68 18.76 -3.28 0.604 84
86 6 23.8 19.24 -3.36 0.613 85
87 6 23.92 19.73 -3.43 0.62 86
88 6 24.05 20.2 -3.51 0.624 87
89 6 24.17 20.68 -3.59 0.624 88
90 6 24.29 21.17 -3.68 0.62 89
91 6 24.4 21.65 -3.78 0.613 90
92 6 24.52 22.11 -3.88 0.604 91
93 6 24.63 22.59 -4 0.595 92
94 6 24.73 23.07 -4.14 0.586 93
95 6 24.81 23.53 -4.3 0.577 94
96 6 24.89 24 -4.48 0.568 95
97 6 24.98 24.45 -4.67 0.557 96
98 6 25.06 24.9 -4.88 0.545 97
99 6 25.15 25.34 -5.1 0.531 98
100 6 25.22 25.77 -5.34 0.513 99
101 6 25.3 26.2 -5.59 0.491 100
102 6 25.36 26.62 -5.85 0.467 101
103 6 25.42 27.05 -6.12 0.444 102
104 6 25.48 27.46 -6.37 0.424 103
105 6 25.55 27.88 -6.63 0.411 104
106 6 25.62 28.31 -6.87 0.407 105
107 6 25.73 28.73 -7.09 0.413 106
108 6 25.86 29.15 -7.3 0.427 107
109 6 26.02 29.56 -7.49 0.446 108
110 6 26.2 29.97 -7.69 0.466 109
111 6 26.42 30.36 -7.86 0.485 110
112 6 26.67 30.75 -8.05 0.502 111
113 6 26.93 31.13 -8.22 0.516 112
114 6 27.19 31.51 -8.4 0.528 113
115 6 27.46 31.88 -8.57 0.537 114
116 6 27.73 32.25 -8.71 0.545 115
117 6 28.02 32.64 -8.83 0.553 116
118 6 28.31 33.01 -8.95 0.56 117
119 6 28.6 33.39 -9.06 0.569 118
120 6 28.89 33.77 -9.17 0.58 119
121 6 29.19 34.16 -9.27 0.592 120
122 6 29.36 34.61 -9.44 0.606 121
123 6 29.52 35.04 -9.61 0.618 122
124 6 29.67 35.49 -9.78 0.625 123
125 6 29.82 35.94 -9.95 0.626 124
126 6 29.98 36.4 -10.1 0.623 125
127 6 30.12 36.85 -10.22 0.618 126
128 6 30.29 37.32 -10.32 0.612 127
129 6 30.46 37.78 -10.4 0.606 128
130 6 30.62 38.23 -10.47 0.6 129
131 6 30.78 38.71 -10.52 0.594 130
132 6 30.94 39.18 -10.57 0.587 131
133 6 31.1 39.65 -10.6 0.58 132
134 6 31.27 40.12 -10.64 0.573 133
135 6 31.41 40.58 -10.67 0.568 134
136 6 31.55 41.06 -10.69 0.564 135
137 6 31.68 41.53 -10.7 0.563 136
138 6 31.8 42.01 -10.74 0.563 137
139 6 31.93 42.49 -10.78 0.565 138
140 6 32.04 42.97 -10.86 0.566 139
141 6 32.16 43.45 -10.93 0.567 140
142 6 32.28 43.92 -11.01 0.567 141
143 6 32.41 44.4 -11.09 0.567 142
144 6 32.52 44.87 -11.16 0.567 143
145 6 32.62 45.35 -11.24 0.567 144
146 6 32.71 45.83 -11.31 0.567 145
147 6 32.78 46.32 -11.37 0.566 146
148 6 32.85 46.81 -11.44 0.564 147
149 6 32.92 47.29 -11.5 0.561 148
150 6 33.01 47.78 -11.58 0.559 149
151 6 33.09 48.26 -11.67 0.558 150
152 6 33.18 48.75 -11.77 0.559 151
153 6 33.28 49.21 -11.87 0.562 152
154 6 33.39 49.69 -11.98 0.564 153
155 6 33.49 50.15 -12.11 0.565 154
156 6 33.6 50.62 -12.24 0.564 155
157 6 33.69 51.09 -12.38 0.562 156
158 6 33.79 51.56 -12.51 0.561 157
159 6 33.89 52.02 -12.67 0.561 158
160 6 34.01 52.48 -12.81 0.563 159
161 6 34.12 52.94 -12.96 0.566 160
162 6 34.23 53.4 -13.1 0.568 161
163 6 34.36 53.86 -13.24 0.571 162
164 6 34.47 54.33 -13.36 0.574 163
165 6 34.61 54.8 -13.47 0.58 164
166 6 34.76 55.26 -13.56 0.589 165
167 6 34.91 55.72 -13.65 0.601 166
168 6 35.06 56.17 -13.74 0.614 167
169 6 35.22 56.63 -13.83 0.625 168
170 6 35.37 57.1 -13.93 0.632 169
171 6 35.53 57.56 -14.05 0.636 170
172 6 35.71 57.99 -14.18 0.636 171
173 6 35.89 58.43 -14.32 0.635 172
174 6 36.08 58.87 -14.47 0.632 173
175 6 36.25 59.31 -14.64 0.624 174
176 6 36.4 59.75 -14.82 0.612 175
177 6 36.53 60.21 -14.98 0.596 176
178 6 36.63 60.68 -15.13 0.578 177
179 6 36.74 61.15 -15.25 0.561 178
180 6 36.83 61.64 -15.34 0.546 179
181 6 36.92 62.13 -15.41 0.536 180
182 6 37.01 62.62 -15.43 0.529 181
183 6 37.08 63.11 -15.44 0.527 182
184 6 37.14 63.62 -15.38 0.528 183
185 6 37.2 64.11 -15.31 0.531 184
186 6 37.27 64.59 -15.19 0.536 185
187 6 37.32 65.06 -15.04 0.543 186
188 6 37.4 65.53 -14.86 0.553 187
189 6 37.47 65.97 -14.67 0.564 188
190 6 37.56 66.42 -14.46 0.575 189
191 6 37.64 66.87 -14.26 0.583 190
192 6 37.75 67.31 -14.07 0.59 191
193 6 37.87 67.75 -13.89 0.595 192
194 6 38.01 68.2 -13.75 0.603 193
195 6 38.14 68.65 -13.6 0.615 194
196 6 38.3 69.1 -13.47 0.629 195
197 6 38.48 69.53 -13.31 0.646 196
198 6 38.66 69.96 -13.14 0.66 197
199 6 38.88 70.37 -12.98 0.67 198
200 6 39.1 70.77 -12.79 0.673 199
201 6 39.33 71.14 -12.6 0.67 200
202 6 39.56 71.52 -12.38 0.662 201
203 6 39.77 71.87 -12.15 0.652 202
204 6 39.98 72.22 -11.9 0.644 203
205 6 40.34 72.51 -11.67 0.643 204
206 6 40.68 72.78 -11.43 0.644 205
207 6 41.01 73.09 -11.21 0.645 206
208 6 41.34 73.39 -10.98 0.644 207
209 6 41.65 73.71 -10.79 0.64 208
210 6 41.96 74.04 -10.6 0.633 209
211 6 42.27 74.39 -10.45 0.624 210
212 6 42.59 74.74 -10.32 0.613 211
213 6 42.89 75.11 -10.22 0.601 212
214 6 43.18 75.49 -10.13 0.589 213
215 6 43.45 75.89 -10.06 0.579 214
216 6 43.72 76.3 -10.02 0.569 215
217 6 43.98 76.73 -10.02 0.562 216
218 6 44.24 77.16 -10.02 0.556 217
219 6 44.5 77.61 -10.04 0.551 218
220 6 44.75 78.06 -10.07 0.545 219
221 6 45.01 78.51 -10.12 0.538 220
222 6 45.27 78.97 -10.15 0.53 221
223 6 45.36 79.39 -10.28 0.521 222
224 6 45.44 79.81 -10.41 0.512 223
225 6 45.53 80.25 -10.55 0.504 224
226 6 45.62 80.68 -10.68 0.496 225
227 6 45.72 81.12 -10.83 0.489 226
228 6 45.81 81.56 -10.97 0.483 227
229 6 45.92 82.02 -11.11 0.477 228
230 6 46.04 82.48 -11.24 0.474 229
231 6 46.15 82.94 -11.36 0.471 230
232 6 46.27 83.42 -11.49 0.469 231
233 6 46.39 83.89 -11.59 0.467 232
234 6 46.51 84.37 -11.67 0.467 233
235 6 46.64 84.85 -11.76 0.467 234
236 6 46.78 85.35 -11.84 0.467 235
237 6 46.73 85.84 -11.93 0.468 236
238 6 46.68 86.32 -12.02 0.471 237
239 6 46.64 86.81 -12.13 0.475 238
240 6 46.61 87.3 -12.24 0.48 239
241 6 46.6 87.78 -12.36 0.487 240
242 6 46.58 88.26 -12.5 0.493 241
243 6 46.57 88.75 -12.64 0.499 242
244 6 46.57 89.22 -12.8 0.505 243
245 6 46.59 89.69 -12.97 0.511 244
246 6 46.6 90.15 -13.17 0.515 245
247 6 46.65 90.61 -13.37 0.517 246
248 6 46.69 91.05 -13.58 0.513 247
249 6 46.74 91.5 -13.81 0.504 248
250 6 46.78 91.94 -14.04 0.489 249
251 6 46.81 92.38 -14.28 0.468 250
252 6 46.84 92.82 -14.52 0.442 251
253 6 46.88 93.27 -14.76 0.412 252
254 6 46.91 93.71 -14.98 0.381 253
255 6 46.96 94.17 -15.19 0.353 254
256 6 47 94.61 -15.41 0.33 255
257 6 47.03 95.06 -15.63 0.312 256
258 6 47.05 95.52 -15.84 0.3 257
259 6 47.09 95.97 -16.06 0.291 258
260 6 47.13 96.43 -16.26 0.28 259
261 6 47.16 96.89 -16.46 0.265 260
262 6 47.2 97.36 -16.65 0.243 261
263 6 47.24 97.81 -16.82 0.215 262
264 6 47.29 98.28 -17 0.182 263
265 6 47.34 98.74 -17.16 0.148 264
266 6 47.39 99.22 -17.3 0.117 265
267 6 47.46 99.69 -17.42 0.09 266
268 6 47.55 100.18 -17.52 0.067 267
269 6 47.65 100.68 -17.6 0.049 268
270 6 47.77 101.18 -17.66 0.035 269
271 6 47.89 101.58 -17.69 0.026 270
272 6 48.06 102.08 -17.68 0.023 271
273 6 48.23 102.58 -17.65 0.029 272
274 6 48.43 102.98 -17.6 0.042 273
275 6 48.64 103.48 -17.53 0.06 274
276 6 48.87 103.88 -17.44 0.079 275
277 6 49.14 104.28 -17.35 0.095 276
278 6 49.44 104.68 -17.23 0.105 277
279 6 49.78 104.98 -17.11 0.109 278
280 6 50.13 105.38 -17 0.11 279
281 6 50.5 105.68 -16.88 0.113 280
282 6 50.9 105.98 -16.76 0.121 281
283 6 51.29 106.18 -16.64 0.138 282
284 6 51.69 106.48 -16.52 0.165 283
285 6 52.1 106.78 -16.4 0.202 284
286 6 52.51 107.08 -16.3 0.249 285
287 6 52.92 107.28 -16.19 0.302 286
288 6 53.3 107.58 -16.11 0.358 287
289 6 53.68 107.98 -16.04 0.413 288
290 6 54.03 108.28 -16 0.462 289
291 6 54.38 108.68 -15.97 0.505 290
292 6 54.72 108.98 -15.93 0.54 291
293 6 55.07 109.38 -15.88 0.57 292
294 6 55.4 109.78 -15.78 0.594 293
295 6 55.72 110.08 -15.67 0.613 294
296 6 56.04 110.48 -15.55 0.627 295
297 6 56.36 110.88 -15.4 0.635 296
298 6 56.67 111.18 -15.24 0.639 297
299 6 56.99 111.58 -15.06 0.638 298
300 6 57.3 111.88 -14.85 0.635 299
301 6 57.62 112.18 -14.65 0.633 300
302 6 57.91 112.48 -14.41 0.634 301
303 6 58.22 112.78 -14.14 0.64 302
304 6 58.52 113.08 -13.85 0.647 303
305 6 58.81 113.38 -13.56 0.654 304
306 6 59.08 113.68 -13.25 0.658 305
307 6 59.35 113.98 -12.94 0.658 306
308 6 59.6 114.28 -12.63 0.655 307
309 6 59.85 114.58 -12.32 0.649 308
310 6 60.09 114.88 -12.02 0.643 309
311 6 60.32 115.28 -11.74 0.64 310
312 6 60.57 115.58 -11.47 0.64 311
313 6 60.8 115.88 -11.19 0.642 312
314 6 61.03 116.28 -10.92 0.645 313
315 6 61.28 116.58 -10.63 0.648 314
316 6 61.51 116.98 -10.33 0.647 315
317 6 61.71 117.28 -10.01 0.644 316
318 6 61.92 117.58 -9.67 0.637 317
319 6 62.12 117.88 -9.34 0.628 318
320 6 62.32 118.18 -9.02 0.618 319
321 6 62.51 118.58 -8.7 0.611 320
322 6 62.71 118.88 -8.38 0.605 321
323 6 62.9 119.18 -8.08 0.601 322
324 6 63.09 119.58 -7.8 0.599 323
325 6 63.28 119.98 -7.55 0.597 324
326 6 63.45 120.28 -7.33 0.596 325
327 6 63.62 120.78 -7.14 0.593 326
328 6 63.79 121.28 -6.99 0.59 327
329 6 63.97 121.68 -6.85 0.585 328
330 6 64.13 122.18 -6.74 0.578 329
331 6 64.29 122.68 -6.65 0.57 330
332 6 64.44 123.08 -6.58 0.561 331
333 6 64.58 123.58 -6.51 0.551 332
334 6 64.71 124.08 -6.45 0.541 333
335 6 64.81 124.58 -6.39 0.53 334
336 6 64.91 125.08 -6.31 0.517 335
337 6 65.02 125.58 -6.24 0.502 336
338 6 65.11 125.98 -6.15 0.484 337
339 6 65.2 126.48 -6.06 0.463 338
340 6 65.3 126.98 -5.98 0.439 339
341 6 65.39 127.48 -5.9 0.413 340
342 6 65.48 127.98 -5.82 0.384 341
343 6 65.58 128.38 -5.75 0.353 342
344 6 65.69 128.78 -5.68 0.322 343
345 6 65.81 129.28 -5.61 0.292 344
346 6 65.94 129.78 -5.54 0.263 345
347 6 66.09 130.28 -5.49 0.237 346
348 6 66.26 130.68 -5.43 0.215 347
349 6 66.43 131.18 -5.37 0.199 348
350 6 66.62 131.68 -5.32 0.191 349
351 6 66.83 132.08 -5.27 0.19 350
352 6 67.05 132.58 -5.22 0.197 351
353 6 67.3 132.98 -5.17 0.211 352
354 6 67.56 133.38 -5.13 0.229 353
355 6 67.85 133.88 -5.09 0.247 354
356 6 68.15 134.28 -5.07 0.264 355
357 6 68.47 134.68 -5.04 0.274 356
358 6 68.91 134.58 -5 0.279 357
359 6 68.41 135.18 -5.03 0.269 357
360 6 68.38 135.68 -5.02 0.256 359
361 6 68.36 136.18 -5.01 0.236 360
362 6 68.37 136.68 -4.99 0.212 361
363 6 68.43 137.18 -4.99 0.184 362
364 6 68.49 137.68 -4.98 0.158 363
365 6 68.58 138.08 -4.98 0.136 364
366 6 68.69 138.58 -5 0.121 365
367 6 68.85 139.08 -5.02 0.115 366
368 6 69 139.58 -5.04 0.119 367
369 6 69.19 139.98 -5.07 0.132 368
370 6 69.4 140.48 -5.1 0.154 369
371 6 69.63 140.88 -5.13 0.186 370
372 6 69.88 141.38 -5.17 0.226 371
373 6 70.14 141.78 -5.23 0.273 372
374 6 70.41 142.18 -5.29 0.324 373
375 6 70.69 142.58 -5.37 0.375 374
376 6 70.98 142.98 -5.45 0.423 375
377 6 71.27 143.38 -5.53 0.464 376
378 6 71.58 143.78 -5.6 0.496 377
379 6 71.9 144.18 -5.67 0.518 378
380 6 72.22 144.58 -5.72 0.529 379
381 6 72.53 144.98 -5.76 0.529 380
382 6 72.82 145.28 -5.77 0.517 381
383 6 73.12 145.68 -5.79 0.494 382
384 6 73.4 146.18 -5.82 0.461 383
385 6 73.69 146.58 -5.85 0.421 384
386 6 73.95 146.98 -5.89 0.377 385
387 6 74.2 147.38 -5.93 0.33 386
388 6 74.45 147.88 -5.98 0.286 387
389 6 74.67 148.28 -6.04 0.244 388
390 6 74.9 148.68 -6.09 0.206 389
391 6 75.13 149.18 -6.14 0.172 390
392 6 75.33 149.68 -6.19 0.14 391
393 6 75.52 150.08 -6.24 0.11 392
394 6 75.69 150.58 -6.29 0.083 393
395 6 75.86 150.98 -6.34 0.06 394
396 6 76.01 151.48 -6.39 0.044 395
397 6 76.14 151.98 -6.43 0.037 396
398 6 76.26 152.48 -6.47 0.042 397
399 6 76.34 152.98 -6.5 0.06 398
400 6 76.4 153.48 -6.54 0.088 399
401 6 76.46 153.98 -6.57 0.126 400
402 6 76.48 154.48 -6.6 0.17 401
403 6 76.49 154.98 -6.64 0.217 402
404 6 76.47 155.38 -6.67 0.264 403
405 6 76.43 155.88 -6.71 0.306 404
406 6 76.39 156.38 -6.74 0.341 405
407 6 76.31 156.88 -6.79 0.369 406
408 6 76.2 157.38 -6.83 0.388 407
409 6 76.07 157.88 -6.89 0.4 408
410 6 75.92 158.28 -6.93 0.406 409
411 6 75.77 158.78 -6.95 0.407 410
412 6 75.59 159.28 -6.95 0.403 411
413 6 75.4 159.68 -6.91 0.392 412
414 6 75.19 160.18 -6.85 0.375 413
415 6 74.98 160.58 -6.76 0.351 414
416 6 74.75 161.08 -6.64 0.321 415
417 6 74.51 161.48 -6.5 0.287 416
418 6 74.29 161.88 -6.34 0.254 417
419 6 74.07 162.28 -6.16 0.222 418
420 6 73.83 162.68 -5.99 0.195 419
421 6 73.6 163.08 -5.79 0.174 420
422 6 73.36 163.48 -5.6 0.159 421
423 6 73.14 163.88 -5.4 0.151 422
424 6 72.9 164.28 -5.21 0.149 423
425 6 72.66 164.68 -5 0.153 424
426 6 72.42 165.08 -4.8 0.164 425
427 6 72.18 165.38 -4.58 0.18 426
428 6 71.93 165.78 -4.35 0.201 427
429 6 71.68 166.18 -4.14 0.228 428
430 6 71.43 166.58 -3.91 0.259 429
431 6 71.17 166.88 -3.68 0.292 430
432 6 70.9 167.28 -3.46 0.328 431
433 6 70.62 167.58 -3.24 0.365 432
434 6 70.34 167.98 -3.01 0.401 433
435 6 70.06 168.28 -2.79 0.435 434
436 6 69.78 168.68 -2.58 0.467 435
437 6 69.49 168.98 -2.37 0.497 436
438 6 69.19 169.28 -2.16 0.522 437
439 6 68.87 169.68 -1.99 0.545 438
440 6 68.53 169.98 -1.83 0.565 439
441 6 68.16 170.28 -1.69 0.582 440
442 6 67.81 170.68 -1.59 0.599 441
443 6 67.44 170.98 -1.5 0.615 442
444 6 67.06 171.28 -1.4 0.631 443
445 6 66.68 171.68 -1.31 0.646 444
446 6 66.31 171.88 -1.21 0.66 445
447 6 65.93 172.28 -1.11 0.67 446
448 6 65.54 172.58 -0.99 0.677 447
449 6 65.15 172.88 -0.84 0.681 448
450 6 64.77 173.18 -0.68 0.681 449
451 6 64.38 173.38 -0.52 0.681 450
452 6 63.99 173.68 -0.32 0.682 451
453 6 63.61 173.88 -0.14 0.685 452
454 6 63.2 174.18 0.01 0.689 453
455 6 62.8 174.38 0.18 0.695 454
456 6 62.37 174.58 0.35 0.7 455
457 6 61.94 174.78 0.5 0.703 456
458 6 61.5 174.98 0.65 0.704 457
459 6 61.06 175.18 0.78 0.7 458
460 6 60.6 175.28 0.91 0.693 459
461 6 60.15 175.48 1.04 0.684 460
462 6 59.71 175.68 1.18 0.674 461
463 6 59.25 175.78 1.32 0.662 462
464 6 58.8 175.98 1.45 0.649 463
465 6 58.35 176.18 1.57 0.633 464
466 6 57.9 176.28 1.68 0.614 465
467 6 57.44 176.48 1.79 0.593 466
468 6 56.97 176.58 1.89 0.568 467
469 6 56.49 176.79 1.98 0.539 468
470 6 56.01 176.89 2.07 0.503 469
471 6 55.54 176.99 2.16 0.461 470
472 6 55.07 177.19 2.26 0.414 471
473 6 54.6 177.29 2.38 0.365 472
474 6 54.14 177.39 2.49 0.321 473
475 6 53.67 177.59 2.6 0.285 474
476 6 53.2 177.69 2.71 0.261 475
477 6 52.72 177.79 2.8 0.251 476
478 6 52.25 177.89 2.89 0.255 477
479 6 51.76 177.99 2.94 0.273 478
480 6 51.27 178.09 3 0.303 479
481 6 50.79 178.19 3.03 0.343 480
482 6 50.29 178.29 3.06 0.392 481
483 6 49.8 178.29 3.08 0.445 482
484 6 49.3 178.39 3.09 0.499 483
485 6 48.79 178.39 3.1 0.552 484
486 6 48.3 178.39 3.12 0.598 485
487 6 47.8 178.39 3.14 0.638 486
488 6 47.3 178.39 3.17 0.67 487
489 6 46.81 178.39 3.21 0.696 488
490 6 46.31 178.29 3.29 0.718 489
491 6 45.82 178.29 3.36 0.74 490
492 6 45.33 178.29 3.4 0.765 491
493 6 44.85 178.19 3.43 0.793 492
494 6 44.37 178.09 3.43 0.823 493
495 6 43.9 177.89 3.39 0.848 494
496 6 43.43 177.79 3.33 0.864 495
497 6 42.96 177.59 3.27 0.869 496
498 6 42.49 177.49 3.21 0.865 497
499 6 42.01 177.29 3.14 0.858 498
500 6 41.55 177.19 3.01 0.854 499
501 6 41.08 177.09 2.87 0.857 500
502 6 40.61 176.99 2.73 0.866 501
503 6 40.13 176.99 2.61 0.878 502
504 6 39.65 176.99 2.51 0.888 503
505 6 39.16 176.99 2.46 0.894 504
506 6 38.67 177.09 2.46 0.898 505
507 6 38.2 177.19 2.51 0.901 506
508 6 37.71 177.29 2.57 0.904 507
509 6 37.22 177.29 2.6 0.906 508
510 6 36.72 177.19 2.63 0.904 509
511 6 36.23 177.19 2.65 0.895 510
512 6 35.74 176.99 2.65 0.876 511
513 6 35.28 176.89 2.62 0.849 512
514 6 34.81 176.69 2.58 0.818 513
515 6 34.32 176.59 2.55 0.792 514
516 6 33.84 176.49 2.54 0.776 515
517 6 33.36 176.39 2.53 0.774 516
518 6 32.87 176.39 2.52 0.783 517
519 6 32.37 176.29 2.53 0.795 518
520 6 31.89 176.29 2.54 0.806 519
521 6 31.38 176.29 2.55 0.808 520
522 6 30.9 176.39 2.55 0.799 521
523 6 30.41 176.49 2.55 0.78 522
524 6 29.95 176.59 2.52 0.754 523
525 6 29.48 176.79 2.45 0.725 524
526 6 29.02 176.99 2.37 0.697 525
527 6 28.57 177.19 2.27 0.676 526
528 6 28.12 177.39 2.19 0.663 527
529 6 27.67 177.59 2.1 0.657 528
530 6 27.21 177.69 2 0.656 529
531 6 26.77 177.89 1.89 0.658 530
532 6 26.31 177.99 1.79 0.659 531
533 6 25.83 178.19 1.7 0.658 532
534 6 25.35 178.29 1.59 0.652 533
535 6 24.87 178.39 1.51 0.641 534
536 6 24.39 178.49 1.43 0.627 535
537 6 23.91 178.69 1.34 0.613 536
538 6 23.44 178.79 1.26 0.602 537
539 6 22.97 178.89 1.17 0.596 538
540 6 22.5 179.09 1.09 0.595 539
541 6 22.04 179.29 0.99 0.596 540
542 6 21.58 179.49 0.9 0.596 541
543 6 21.13 179.69 0.81 0.591 542
544 6 20.68 179.89 0.69 0.583 543
545 6 20.25 179.99 0.55 0.572 544
546 6 19.83 180.29 0.38 0.558 545
547 6 19.43 180.49 0.17 0.541 546
548 6 19.07 180.69 -0.06 0.517 547
549 6 18.74 180.89 -0.32 0.485 548
550 6 18.42 181.19 -0.6 0.441 549
551 6 18.11 181.39 -0.89 0.387 550
552 6 17.8 181.69 -1.18 0.326 551
553 6 17.5 181.99 -1.46 0.261 552
554 6 17.2 182.29 -1.72 0.199 553
555 6 16.9 182.59 -1.96 0.143 554
556 6 16.59 182.89 -2.19 0.097 555
557 6 16.29 183.29 -2.38 0.061 556
558 6 15.99 183.59 -2.58 0.036 557
559 6 15.71 183.99 -2.78 0.021 558
560 6 15.42 184.29 -2.98 0.014 559
561 6 15.13 184.69 -3.17 0.013 560
562 6 14.86 185.09 -3.29 0.018 561
563 6 14.6 185.49 -3.43 0.026 562
564 6 14.34 185.89 -3.56 0.035 563
565 6 14.09 186.29 -3.68 0.047 564
566 6 13.84 186.69 -3.8 0.061 565
567 6 13.58 187.19 -3.9 0.075 566
568 6 13.34 187.59 -3.98 0.088 567
569 6 13.1 187.99 -4.07 0.102 568
570 6 12.86 188.49 -4.12 0.114 569
571 6 12.64 188.89 -4.16 0.126 570
572 6 12.42 189.29 -4.21 0.136 571
573 6 12.21 189.79 -4.22 0.145 572
574 6 12.01 190.29 -4.23 0.152 573
575 6 11.82 190.69 -4.23 0.157 574
576 6 11.64 191.19 -4.2 0.16 575
577 6 11.46 191.59 -4.17 0.162 576
578 6 11.28 192.09 -4.13 0.163 577
579 6 11.12 192.59 -4.07 0.162 578
580 6 10.95 192.99 -4.01 0.159 579
581 6 10.79 193.49 -3.95 0.154 580
582 6 10.64 193.99 -3.88 0.149 581
583 6 10.49 194.49 -3.82 0.142 582
584 6 10.34 194.99 -3.75 0.137 583
585 6 10.19 195.39 -3.69 0.132 584
586 6 10.04 195.89 -3.64 0.128 585
587 6 9.89 196.39 -3.6 0.125 586
588 6 9.74 196.89 -3.56 0.123 587
589 6 9.61 197.39 -3.54 0.122 588
590 6 9.46 197.79 -3.53 0.122 589
591 6 9.3 198.29 -3.53 0.125 590
592 6 9.15 198.79 -3.53 0.13 591
593 6 9.01 199.29 -3.58 0.138 592
594 6 8.86 199.69 -3.62 0.15 593
595 6 8.71 200.19 -3.69 0.164 594
596 6 8.54 200.69 -3.77 0.18 595
597 6 8.38 201.09 -3.88 0.198 596
598 6 8.22 201.59 -4 0.215 597
599 6 8.07 201.99 -4.14 0.232 598
600 6 7.9 202.39 -4.3 0.248 599
601 6 7.73 202.79 -4.49 0.264 600
602 6 7.56 203.19 -4.69 0.277 601
603 6 7.4 203.59 -4.91 0.289 602
604 6 7.25 203.89 -5.15 0.299 603
605 6 7.11 204.19 -5.4 0.307 604
606 6 6.87 204.69 -5.46 0.316 605
607 6 6.65 205.09 -5.52 0.322 606
608 6 6.43 205.59 -5.6 0.325 607
609 6 6.21 205.99 -5.67 0.326 608
610 6 5.99 206.39 -5.76 0.324 609
611 6 5.76 206.79 -5.84 0.318 610
612 6 5.31 206.89 -5.63 0.321 611
613 6 4.87 206.89 -5.41 0.321 612
614 6 4.41 206.89 -5.2 0.316 613
615 6 3.95 206.99 -4.97 0.309 614
616 6 3.5 206.99 -4.74 0.298 615
617 6 3.04 207.09 -4.52 0.287 616
618 6 2.59 207.09 -4.29 0.274 617
619 6 2.13 207.09 -4.05 0.261 618
620 6 1.68 207.19 -3.8 0.248 619
621 6 1.24 207.29 -3.55 0.236 620
622 6 0.82 207.39 -3.31 0.225 621
623 6 0.41 207.39 -3.07 0.215 622
624 6 0.02 207.59 -2.83 0.208 623
625 6 -0.07 207.89 -3.03 0.201 624
626 6 -0.16 208.39 -3.24 0.196 625
627 6 -0.22 208.79 -3.45 0.194 626
628 6 -0.27 209.29 -3.68 0.196 627
629 6 -0.28 209.69 -3.9 0.201 628
630 6 -0.28 210.19 -4.13 0.211 629
631 6 -0.26 210.59 -4.35 0.224 630
632 6 -0.21 211.09 -4.57 0.241 631
633 6 -0.13 211.39 -4.78 0.261 632
634 6 -0.02 211.89 -4.98 0.282 633
635 6 0.09 212.39 -5.16 0.304 634
636 6 0.24 213.09 -5.32 0.326 635
637 6 0.4 213.49 -5.48 0.348 636
638 6 0.59 213.79 -5.83 0.365 637
639 6 0.78 214.09 -6.16 0.378 638
640 6 0.96 214.49 -6.46 0.386 639
641 6 1.16 214.89 -6.74 0.387 640
642 6 1.33 215.29 -7.02 0.38 641
643 6 1.47 215.59 -7.29 0.365 642
644 6 1.56 216.09 -7.57 0.342 643
645 6 1.59 216.49 -7.86 0.313 644
646 6 1.55 216.89 -8.14 0.279 645
647 6 1.4 217.19 -8.4 0.242 646
648 6 1.17 217.59 -8.64 0.206 647
649 6 0.86 217.89 -8.86 0.172 648
650 6 0.51 218.09 -9.06 0.144 649
651 6 0.08 218.29 -9.23 0.121 650
652 6 -0.35 218.39 -9.37 0.104 651
653 6 -0.83 218.69 -9.47 0.092 652
654 6 -1.32 218.69 -9.54 0.085 653
655 6 -1.81 218.79 -9.62 0.081 654
656 6 -2.32 218.89 -9.68 0.079 655
657 6 -2.82 218.89 -9.72 0.077 656
658 6 -3.32 218.89 -9.76 0.077 657
659 6 -3.82 218.99 -9.81 0.077 658
660 6 0.43 213.89 -5.17 0.35 637
661 6 0.47 214.29 -4.82 0.351 660
662 6 0.49 214.69 -4.46 0.352 661
663 6 0.5 214.89 -4.07 0.354 662
664 6 0.48 215.29 -3.67 0.357 663
665 6 0.42 215.39 -3.25 0.36 664
666 6 0.29 215.69 -2.81 0.362 665
667 6 0.12 215.79 -2.38 0.364 666
668 6 -0.1 215.89 -1.96 0.365 667
669 6 -0.38 215.89 -1.54 0.366 668
670 6 -0.68 215.89 -1.15 0.367 669
671 6 -1.03 215.9 -0.78 0.369 670
672 6 -1.36 215.8 -0.43 0.37 671
673 6 -1.71 215.7 -0.12 0.371 672
674 6 -2.08 215.5 0.17 0.372 673
675 6 -2.46 215.3 0.46 0.371 674
676 6 -2.83 215.1 0.73 0.37 675
677 6 -3.21 214.9 0.97 0.369 676
678 6 -3.58 214.6 1.18 0.367 677
679 6 -3.95 214.3 1.36 0.364 678
680 6 -4.31 214 1.54 0.36 679
681 6 -4.65 213.7 1.68 0.357 680
682 6 -5 213.3 1.82 0.354 681
683 6 -5.36 213 1.93 0.352 682
684 6 -5.71 212.6 2.05 0.352 683
685 6 -0.21 207.19 -2.41 0.213 624
686 6 -0.43 206.89 -2 0.219 685
687 6 -0.65 206.59 -1.61 0.228 686
688 6 -0.85 206.19 -1.21 0.239 687
689 6 -1.03 205.9 -0.83 0.251 688
690 6 -1.21 205.6 -0.46 0.264 689
691 6 -1.38 205.3 -0.11 0.277 690
692 6 -1.54 205 0.23 0.288 691
693 6 -1.69 204.7 0.61 0.298 692
694 6 -1.82 204.3 0.96 0.305 693
695 6 -1.96 204 1.31 0.31 694
696 6 -2.07 203.6 1.64 0.313 695
697 6 -2.17 203.3 1.98 0.312 696
698 6 -2.27 203 2.3 0.309 697
699 6 -2.36 202.6 2.63 0.303 698
700 6 -2.46 202.2 2.94 0.296 699
701 6 -2.55 201.9 3.26 0.287 700
702 6 -2.63 201.5 3.57 0.279 701
703 6 -2.72 201.1 3.89 0.272 702
704 6 -2.8 200.8 4.2 0.266 703
705 6 -2.88 200.4 4.51 0.263 704
706 6 -2.96 200 4.81 0.261 705
707 6 -3.04 199.6 5.11 0.26 706
708 6 5.89 207.19 -6.17 0.303 611
709 6 6.01 207.49 -6.52 0.285 708
710 6 6.11 207.89 -6.87 0.264 709
711 6 6.19 208.19 -7.24 0.242 710
712 6 6.26 208.59 -7.61 0.218 711
713 6 6.3 208.89 -7.98 0.195 712
714 6 6.33 209.19 -8.38 0.173 713
715 6 6.33 209.49 -8.78 0.153 714
716 6 6.32 209.79 -9.2 0.137 715
717 6 6.3 209.99 -9.62 0.123 716
718 6 6.25 210.29 -10.05 0.112 717
719 6 6.19 210.49 -10.48 0.103 718
720 6 6.14 210.79 -10.91 0.093 719
721 6 6.08 210.99 -11.34 0.084 720
722 6 6.03 211.29 -11.76 0.075 721
723 6 5.99 211.59 -12.16 0.067 722
724 6 5.97 211.89 -12.55 0.06 723
725 6 5.95 212.19 -12.93 0.055 724
726 6 5.96 212.59 -13.29 0.053 725
727 6 5.98 212.89 -13.63 0.052 726
728 6 6.02 213.29 -13.94 0.053 727
729 6 6.05 213.69 -14.25 0.057 728
730 6 6.1 214.09 -14.54 0.062 729
731 6 6.14 214.59 -14.82 0.067 730
732 6 6.2 214.99 -15.1 0.069 731
733 6 6.26 215.39 -15.36 0.068 732
734 6 6.32 215.79 -15.62 0.064 733
735 6 6.39 216.19 -15.88 0.059 734
736 6 6.47 216.59 -16.14 0.054 735
737 6 6.55 217.09 -16.41 0.051 736
738 6 6.65 217.49 -16.68 0.051 737
739 6 6.76 217.89 -16.96 0.052 738
740 6 6.85 218.29 -17.25 0.054 739
741 6 6.95 218.69 -17.55 0.054 740
742 6 7.02 219.09 -17.87 0.053 741
743 6 7.06 219.39 -18.19 0.051 742
744 6 7.06 219.79 -18.53 0.048 743
745 6 7.02 220.09 -18.88 0.047 744
746 6 6.94 220.49 -19.23 0.048 745
747 6 6.79 220.79 -19.59 0.05 746
748 6 6.6 220.99 -19.95 0.052 747
749 6 6.37 221.29 -20.29 0.052 748
750 6 6.1 221.49 -20.65 0.049 749
751 6 5.82 221.69 -20.99 0.044 750
752 6 5.51 221.89 -21.32 0.038 751
753 6 5.19 222.09 -21.64 0.031 752
754 6 4.88 222.39 -21.95 0.027 753
755 6 4.56 222.59 -22.24 0.024 754
756 6 4.27 222.89 -22.5 0.024 755
757 6 4 223.19 -22.75 0.027 756
758 6 3.76 223.59 -22.96 0.033 757
759 6 3.58 223.99 -23.12 0.04 758
760 6 3.44 224.39 -23.26 0.049 759
761 6 3.35 224.89 -23.36 0.057 760
762 6 3.31 225.39 -23.43 0.065 761
763 6 3.31 225.89 -23.47 0.072 762
764 6 3.35 226.29 -23.48 0.075 763
765 6 3.42 226.79 -23.47 0.075 764
766 6 3.52 227.29 -23.46 0.073 765
767 6 3.64 227.79 -23.45 0.071 766
768 6 3.77 228.29 -23.45 0.069 767
769 6 3.92 228.79 -23.45 0.067 768
770 6 4.08 229.29 -23.45 0.066 769
771 6 4.24 229.69 -23.46 0.066 770
772 6 4.4 230.19 -23.47 0.066 771
773 6 7.27 203.89 -5.65 0.304 605
774 6 7.44 203.49 -5.9 0.299 773
775 6 7.65 203.19 -6.16 0.294 774
776 6 7.89 202.89 -6.43 0.288 775
777 6 8.16 202.59 -6.69 0.281 776
778 6 8.44 202.29 -6.97 0.274 777
779 6 8.75 201.99 -7.25 0.266 778
780 6 9.07 201.69 -7.54 0.258 779
781 6 9.37 201.49 -7.84 0.249 780
782 6 9.67 201.29 -8.17 0.24 781
783 6 9.95 201.09 -8.53 0.232 782
784 6 10.2 200.99 -8.9 0.223 783
785 6 10.39 200.79 -9.31 0.214 784
786 6 10.53 200.59 -9.74 0.205 785
787 6 10.61 200.49 -10.19 0.196 786
788 6 10.65 200.39 -10.64 0.187 787
789 6 10.62 200.29 -11.12 0.178 788
790 6 10.56 200.09 -11.6 0.17 789
791 6 10.48 200.09 -12.09 0.163 790
792 6 10.38 199.99 -12.57 0.156 791
793 6 10.25 199.99 -13.06 0.15 792
794 6 10.14 199.99 -13.55 0.145 793
795 6 10.04 199.99 -14.03 0.14 794
796 6 9.96 199.99 -14.52 0.134 795
797 6 9.88 199.99 -15.01 0.127 796
798 6 9.95 200.49 -15.2 0.124 797
799 6 10.03 200.99 -15.37 0.119 798
800 6 10.11 201.39 -15.53 0.113 799
801 6 10.2 201.89 -15.69 0.106 800
802 6 10.28 202.39 -15.86 0.1 801
803 6 10.34 202.89 -16.01 0.094 802
804 6 10.41 203.29 -16.17 0.091 803
805 6 10.45 203.79 -16.33 0.089 804
806 6 10.5 204.29 -16.5 0.089 805
807 6 10.52 204.79 -16.68 0.091 806
808 6 10.53 205.19 -16.87 0.093 807
809 6 10.51 205.69 -17.09 0.096 808
810 6 10.48 206.09 -17.34 0.098 809
811 6 10.42 206.49 -17.62 0.101 810
812 6 10.34 206.89 -17.94 0.102 811
813 6 10.23 207.19 -18.31 0.102 812
814 6 10.12 207.49 -18.71 0.102 813
815 6 9.99 207.69 -19.15 0.101 814
816 6 9.89 207.79 -19.6 0.1 815
817 6 9.79 207.89 -20.08 0.098 816
818 6 9.74 207.89 -20.58 0.096 817
819 6 9.73 207.89 -21.08 0.095 818
820 6 9.76 207.89 -21.58 0.094 819
821 6 9.79 207.79 -22.07 0.094 820
822 6 9.86 207.69 -22.58 0.094 821
823 6 9.83 199.59 -15.28 0.123 797
824 6 9.8 199.19 -15.56 0.118 823
825 6 9.81 198.79 -15.82 0.114 824
826 6 9.88 198.29 -16.06 0.111 825
827 6 9.98 197.89 -16.27 0.109 826
828 6 10.14 197.49 -16.45 0.11 827
829 6 10.37 196.99 -16.59 0.11 828
830 6 10.66 196.69 -16.71 0.11 829
831 6 11 196.29 -16.82 0.108 830
832 6 11.38 195.99 -16.87 0.104 831
833 6 11.79 195.69 -16.92 0.099 832
834 6 12.23 195.49 -16.95 0.094 833
835 6 12.7 195.29 -16.96 0.091 834
836 6 13.18 195.19 -16.98 0.09 835
837 6 13.67 195.09 -16.97 0.092 836
838 6 14.17 195.09 -16.96 0.097 837
839 6 14.66 195.19 -16.93 0.103 838
840 6 15.15 195.29 -16.91 0.11 839
841 6 15.64 195.39 -16.9 0.117 840
842 6 16.11 195.59 -16.88 0.124 841
843 6 16.56 195.79 -16.87 0.13 842
844 6 17.01 195.89 -16.86 0.136 843
845 6 17.43 196.29 -16.88 0.14 844
846 6 17.84 196.59 -16.89 0.143 845
847 6 18.24 196.79 -16.89 0.144 846
848 6 18.63 197.19 -16.89 0.143 847
849 6 19.02 197.59 -16.9 0.141 848
850 6 19.4 197.79 -16.9 0.137 849
851 6 19.79 198.09 -16.87 0.131 850
852 6 20.17 198.39 -16.84 0.126 851
853 6 20.56 198.79 -16.8 0.12 852
854 6 20.96 199.09 -16.75 0.116 853
855 6 21.35 199.39 -16.69 0.112 854
856 6 21.75 199.69 -16.61 0.108 855
857 6 22.16 199.99 -16.5 0.105 856
858 6 22.55 200.29 -16.41 0.103 857
859 6 22.96 200.59 -16.29 0.102 858
860 6 23.36 200.79 -16.18 0.102 859
861 6 12.45 1.3 -0.46 0.978 36
862 6 13.05 1.74 -0.35 0.869 861
863 6 13.43 2.05 -0.22 0.806 862
864 6 13.78 2.39 -0.07 0.749 863
865 6 14.1 2.76 0.06 0.699 864
866 6 14.38 3.12 0.24 0.659 865
867 6 14.64 3.51 0.42 0.631 866
868 6 14.9 3.88 0.59 0.612 867
869 6 15.16 4.27 0.74 0.601 868
870 6 15.45 4.64 0.87 0.593 869
871 6 15.77 5.01 0.98 0.586 870
872 6 16.11 5.34 1.07 0.579 871
873 6 16.47 5.66 1.16 0.574 872
874 6 16.86 5.94 1.23 0.571 873
875 6 17.27 6.19 1.29 0.571 874
876 6 17.7 6.42 1.35 0.573 875
877 6 18.13 6.64 1.42 0.574 876
878 6 18.56 6.86 1.48 0.575 877
879 6 12.23 1.21 -0.37 0.978 861
880 6 11.82 0.98 -0.21 1.016 879
881 6 11.43 0.77 0 1.044 880
882 6 11.08 0.66 0.27 1.058 881
883 6 10.78 0.66 0.62 1.057 882
884 6 10.57 0.78 1.01 1.044 883
885 6 10.47 1.02 1.39 1.02 884
886 6 10.46 1.32 1.75 0.989 885
887 6 10.54 1.64 2.12 0.955 886
888 6 10.67 1.95 2.46 0.919 887
889 6 10.87 2.22 2.82 0.881 888
890 6 11.11 2.44 3.18 0.839 889
891 6 11.41 2.63 3.52 0.795 890
892 6 11.79 2.78 3.81 0.753 891
893 6 12.21 2.88 4.04 0.716 892
894 6 12.67 2.94 4.23 0.689 893
895 6 13.15 2.97 4.38 0.671 894
896 6 13.63 2.99 4.48 0.661 895
897 6 14.12 3.03 4.57 0.652 896
898 6 14.62 3.09 4.64 0.64 897
899 6 15.11 3.2 4.7 0.626 898
900 6 15.59 3.34 4.75 0.611 899
901 6 16.07 3.49 4.81 0.601 900
902 6 16.53 3.67 4.9 0.601 901
903 6 16.99 3.85 5.02 0.614 902
904 6 17.41 4.05 5.19 0.638 903
905 6 17.79 4.25 5.42 0.668 904
906 6 18.12 4.44 5.75 0.698 905
907 6 18.4 4.61 6.13 0.721 906
908 6 18.65 4.76 6.54 0.736 907
909 6 18.89 4.9 6.95 0.744 908
910 6 19.13 5.04 7.38 0.748 909
911 6 19.39 5.17 7.78 0.75 910
912 6 9.9 0.2 -0.73 1.012 29
913 6 10.11 0.35 -1.1 0.953 912
914 6 10.27 0.52 -1.53 0.885 913
915 6 10.39 0.7 -1.97 0.813 914
916 6 10.48 0.93 -2.41 0.744 915
917 6 10.54 1.2 -2.83 0.685 916
918 6 10.6 1.5 -3.24 0.636 917
919 6 10.79 1.46 -3.35 0.618 918
920 6 10.64 1.58 -3.34 0.625 919
921 6 10.65 1.74 -3.43 0.63 920
922 6 10.78 2.15 -3.7 0.637 921
923 6 10.91 2.56 -3.97 0.645 922
924 6 11.03 2.97 -4.25 0.652 923
925 6 11.15 3.38 -4.5 0.655 924
926 6 11.26 3.81 -4.74 0.653 925
927 6 11.36 4.26 -4.96 0.646 926
928 6 11.47 4.7 -5.16 0.634 927
929 6 11.62 5.14 -5.35 0.62 928
930 6 11.88 5.55 -5.48 0.608 929
931 6 12.23 5.9 -5.53 0.6 930
932 6 12.65 6.19 -5.55 0.596 931
933 6 13.08 6.45 -5.57 0.595 932
934 6 13.5 6.71 -5.61 0.6 933
935 6 13.91 6.98 -5.68 0.611 934
936 6 14.26 7.3 -5.82 0.629 935
937 6 14.53 7.65 -6.04 0.652 936
938 6 14.71 8.01 -6.31 0.673 937
939 6 14.86 8.37 -6.62 0.689 938
940 6 14.96 8.72 -6.96 0.698 939
941 6 15.08 9.1 -7.27 0.7 940
942 6 15.2 9.49 -7.56 0.698 941
943 6 15.33 9.92 -7.78 0.693 942
944 6 15.45 10.38 -7.94 0.687 943
945 6 15.53 10.86 -8.05 0.676 944
946 6 15.63 11.36 -8.12 0.661 945
947 6 15.69 11.85 -8.17 0.64 946
948 6 15.75 12.35 -8.24 0.617 947
949 6 15.82 12.86 -8.34 0.597 948
950 6 15.91 13.03 -8.74 0.594 949
951 6 16.01 13.22 -9.17 0.598 950
952 6 16.1 13.45 -9.6 0.61 951
953 6 16.18 13.72 -10.01 0.627 952
954 6 16.25 14.04 -10.38 0.647 953
955 6 16.3 14.43 -10.72 0.667 954
956 6 16.36 14.84 -11 0.689 955
957 6 16.45 15.26 -11.28 0.714 956
958 6 16.58 15.69 -11.53 0.74 957
959 6 16.75 16.11 -11.77 0.764 958
960 6 17.12 16.04 -11.93 0.786 959
961 6 17.51 15.98 -12.12 0.795 960
962 6 17.9 15.88 -12.33 0.788 961
963 6 18.31 15.76 -12.52 0.767 962
964 6 18.72 15.59 -12.68 0.736 963
965 6 19.14 15.4 -12.78 0.703 964
966 6 19.58 15.16 -12.85 0.673 965
967 6 19.99 14.88 -12.9 0.651 966
968 6 20.39 14.58 -12.96 0.64 967
969 6 20.8 14.29 -13.03 0.645 968
970 6 21.2 14.01 -13.16 0.667 969
971 6 21.61 13.75 -13.3 0.705 970
972 6 22.01 13.49 -13.46 0.755 971
973 6 22.43 13.25 -13.65 0.811 972
974 6 22.85 13.05 -13.84 0.865 973
975 6 23.31 12.91 -14 0.911 974
976 6 23.77 12.83 -14.15 0.948 975
977 6 24.26 12.83 -14.24 0.975 976
978 6 24.77 12.87 -14.27 0.993 977
979 6 25.26 12.95 -14.26 1.006 978
980 6 25.76 13.06 -14.22 1.017 979
981 6 26.25 13.19 -14.17 1.028 980
982 6 26.73 13.34 -14.11 1.042 981
983 6 27.2 13.52 -14.08 1.059 982
984 6 27.67 13.71 -14.05 1.078 983
985 6 28.13 13.9 -14.02 1.093 984
986 6 28.61 14.07 -14 1.099 985
987 6 16.64 16.6 -11.97 0.755 959
988 6 16.57 17.08 -12.18 0.743 987
989 6 16.5 17.56 -12.37 0.731 988
990 6 16.45 18.03 -12.54 0.721 989
991 6 16.38 18.52 -12.67 0.715 990
992 6 16.32 19.01 -12.76 0.71 991
993 6 16.27 19.5 -12.81 0.707 992
994 6 16.21 19.99 -12.85 0.705 993
995 6 16.17 20.49 -12.85 0.704 994
996 6 16.11 20.99 -12.86 0.703 995
997 6 16.06 21.48 -12.87 0.703 996
998 6 16.01 21.98 -12.89 0.701 997
999 6 15.98 22.47 -12.91 0.697 998
1000 6 15.97 22.96 -12.9 0.692 999
1001 6 15.92 23.46 -12.9 0.687 1000
1002 6 15.89 23.96 -12.89 0.682 1001
1003 6 15.85 24.45 -12.88 0.679 1002
1004 6 15.81 24.94 -12.87 0.676 1003
1005 6 15.76 25.44 -12.87 0.673 1004
1006 6 15.71 25.94 -12.87 0.667 1005
1007 6 15.66 26.42 -12.87 0.656 1006
1008 6 15.62 26.93 -12.87 0.64 1007
1009 6 15.61 27.42 -12.88 0.621 1008
1010 6 15.61 27.92 -12.89 0.604 1009
1011 6 15.61 28.41 -12.91 0.591 1010
1012 6 15.62 28.91 -12.94 0.586 1011
1013 6 15.63 29.4 -12.95 0.589 1012
1014 6 15.64 29.9 -12.94 0.6 1013
1015 6 15.64 30.4 -12.93 0.615 1014
1016 6 15.64 30.89 -12.9 0.631 1015
1017 6 15.67 31.39 -12.86 0.648 1016
1018 6 15.71 31.88 -12.83 0.661 1017
1019 6 15.75 32.37 -12.79 0.671 1018
1020 6 15.78 32.87 -12.75 0.678 1019
1021 6 15.81 33.36 -12.71 0.681 1020
1022 6 15.88 33.86 -12.71 0.682 1021
1023 6 15.95 34.35 -12.7 0.683 1022
1024 6 16.02 34.84 -12.71 0.683 1023
1025 6 16.09 35.32 -12.73 0.683 1024
1026 6 16.15 35.82 -12.74 0.682 1025
1027 6 16.21 36.32 -12.76 0.68 1026
1028 6 16.27 36.81 -12.79 0.676 1027
1029 6 16.34 37.3 -12.83 0.672 1028
1030 6 16.4 37.79 -12.9 0.671 1029
1031 6 16.47 38.26 -13.02 0.671 1030
1032 6 16.55 38.72 -13.18 0.673 1031
1033 6 16.63 39.17 -13.39 0.675 1032
1034 6 16.74 39.58 -13.63 0.675 1033
1035 6 16.9 39.97 -13.9 0.673 1034
1036 6 17.1 40.32 -14.19 0.669 1035
1037 6 17.3 40.66 -14.48 0.663 1036
1038 6 17.54 41 -14.76 0.657 1037
1039 6 17.79 41.34 -15.02 0.653 1038
1040 6 18.04 41.69 -15.26 0.649 1039
1041 6 18.3 42.05 -15.48 0.646 1040
1042 6 18.57 42.44 -15.65 0.642 1041
1043 6 18.83 42.83 -15.81 0.637 1042
1044 6 19.09 43.22 -15.96 0.634 1043
1045 6 19.34 43.63 -16.11 0.635 1044
1046 6 19.58 44.03 -16.26 0.643 1045
1047 6 19.83 44.44 -16.43 0.655 1046
1048 6 20.07 44.85 -16.59 0.669 1047
1049 6 20.33 45.26 -16.71 0.68 1048
1050 6 20.59 45.66 -16.82 0.685 1049
1051 6 20.85 46.06 -16.93 0.683 1050
1052 6 21.13 46.46 -17.04 0.675 1051
1053 6 21.4 46.85 -17.14 0.663 1052
1054 6 21.68 47.25 -17.27 0.65 1053
1055 6 21.94 47.64 -17.42 0.639 1054
1056 6 22.19 48.04 -17.6 0.632 1055
1057 6 22.41 48.45 -17.8 0.629 1056
1058 6 22.62 48.86 -17.99 0.631 1057
1059 6 22.81 49.27 -18.17 0.634 1058
1060 6 22.98 49.7 -18.36 0.638 1059
1061 6 23.15 50.14 -18.53 0.64 1060
1062 6 23.32 50.58 -18.69 0.638 1061
1063 6 23.49 51.02 -18.85 0.635 1062
1064 6 23.65 51.46 -19.04 0.629 1063
1065 6 23.79 51.9 -19.22 0.622 1064
1066 6 23.95 52.33 -19.42 0.614 1065
1067 6 24.09 52.73 -19.64 0.604 1066
1068 6 24.23 53.14 -19.91 0.593 1067
1069 6 24.36 53.52 -20.18 0.583 1068
1070 6 24.48 53.91 -20.47 0.573 1069
1071 6 24.58 54.29 -20.77 0.563 1070
1072 6 24.24 54.46 -21.12 0.554 1071
1073 6 23.88 54.64 -21.46 0.542 1072
1074 6 23.54 54.81 -21.81 0.528 1073
1075 6 23.23 55 -22.18 0.513 1074
1076 6 22.94 55.19 -22.55 0.499 1075
1077 6 22.67 55.39 -22.95 0.49 1076
1078 6 22.4 55.59 -23.35 0.487 1077
1079 6 22.16 55.77 -23.76 0.489 1078
1080 6 21.92 55.93 -24.2 0.492 1079
1081 6 21.66 56.07 -24.62 0.493 1080
1082 6 25.02 54.53 -20.74 0.562 1071
1083 6 25.44 54.78 -20.7 0.563 1082
1084 6 25.86 55.05 -20.65 0.565 1083
1085 6 26.25 55.34 -20.59 0.568 1084
1086 6 26.62 55.65 -20.53 0.572 1085
1087 6 26.97 56 -20.46 0.575 1086
1088 6 27.32 56.35 -20.39 0.579 1087
1089 6 27.65 56.7 -20.32 0.582 1088
1090 6 27.99 57.05 -20.25 0.586 1089
1091 6 28.3 57.43 -20.2 0.589 1090
1092 6 28.61 57.82 -20.13 0.591 1091
1093 6 28.89 58.21 -20.05 0.592 1092
1094 6 29.17 58.61 -19.97 0.593 1093
1095 6 29.46 59.01 -19.86 0.596 1094
1096 6 29.73 59.41 -19.74 0.599 1095
1097 6 30 59.8 -19.61 0.602 1096
1098 6 30.26 60.19 -19.47 0.604 1097
1099 6 30.54 60.57 -19.32 0.604 1098
1100 6 30.81 60.96 -19.17 0.602 1099
1101 6 31.09 61.35 -19.06 0.598 1100
1102 6 31.39 61.72 -18.98 0.595 1101
1103 6 31.69 62.11 -18.91 0.592 1102
1104 6 31.97 62.52 -18.87 0.588 1103
1105 6 32.24 62.92 -18.84 0.585 1104
1106 6 32.51 63.34 -18.83 0.583 1105
1107 6 32.77 63.76 -18.83 0.581 1106
1108 6 33.04 64.18 -18.82 0.582 1107
1109 6 33.3 64.6 -18.82 0.585 1108
1110 6 33.56 65 -18.82 0.592 1109
1111 6 33.82 65.42 -18.82 0.601 1110
1112 6 34.1 65.83 -18.82 0.611 1111
1113 6 34.4 66.22 -18.83 0.618 1112
1114 6 34.71 66.61 -18.83 0.622 1113
1115 6 35.05 66.97 -18.82 0.622 1114
1116 6 35.38 67.34 -18.8 0.619 1115
1117 6 35.73 67.7 -18.79 0.612 1116
1118 6 36.04 68.06 -18.79 0.602 1117
1119 6 36.35 68.45 -18.78 0.588 1118
1120 6 36.64 68.85 -18.75 0.572 1119
1121 6 36.91 69.27 -18.71 0.554 1120
1122 6 37.19 69.67 -18.66 0.539 1121
1123 6 37.46 70.08 -18.6 0.528 1122
1124 6 37.77 70.46 -18.52 0.523 1123
1125 6 38.08 70.82 -18.43 0.521 1124
1126 6 38.42 71.17 -18.33 0.521 1125
1127 6 38.77 71.5 -18.23 0.522 1126
1128 6 15.84 13.26 -8.21 0.593 949
1129 6 15.89 13.69 -8.14 0.597 1128
1130 6 15.91 14.12 -8.1 0.611 1129
1131 6 15.92 14.57 -8.06 0.634 1130
1132 6 15.94 15.03 -8.02 0.66 1131
1133 6 15.98 15.5 -7.99 0.685 1132
1134 6 16.01 15.97 -7.93 0.7 1133
1135 6 16.06 16.45 -7.86 0.704 1134
1136 6 16.12 16.94 -7.79 0.695 1135
1137 6 16.2 17.42 -7.74 0.678 1136
1138 6 16.28 17.91 -7.7 0.66 1137
1139 6 16.38 18.39 -7.67 0.648 1138
1140 6 16.52 18.88 -7.67 0.645 1139
1141 6 16.68 19.36 -7.69 0.65 1140
1142 6 16.85 19.81 -7.72 0.661 1141
1143 6 16.99 20.3 -7.75 0.671 1142
1144 6 17.13 20.78 -7.77 0.678 1143
1145 6 17.28 21.26 -7.78 0.68 1144
1146 6 17.45 21.74 -7.77 0.68 1145
1147 6 17.61 22.22 -7.76 0.677 1146
1148 6 17.79 22.7 -7.72 0.671 1147
1149 6 17.97 23.17 -7.68 0.663 1148
1150 6 18.16 23.65 -7.64 0.651 1149
1151 6 18.39 24.11 -7.59 0.637 1150
1152 6 18.62 24.58 -7.54 0.621 1151
1153 6 18.88 25.04 -7.5 0.606 1152
1154 6 19.16 25.48 -7.47 0.593 1153
1155 6 19.47 25.93 -7.46 0.583 1154
1156 6 19.69 26.02 -7.45 0.588 1155
1157 6 19.91 26.12 -7.44 0.588 1156
1158 6 20.34 26.32 -7.43 0.599 1157
1159 6 20.77 26.55 -7.4 0.615 1158
1160 6 21.2 26.79 -7.36 0.635 1159
1161 6 21.63 27.04 -7.33 0.654 1160
1162 6 22.05 27.32 -7.32 0.671 1161
1163 6 22.47 27.61 -7.33 0.685 1162
1164 6 22.9 27.91 -7.34 0.698 1163
1165 6 23.3 28.22 -7.36 0.711 1164
1166 6 23.71 28.53 -7.4 0.722 1165
1167 6 24.11 28.86 -7.43 0.73 1166
1168 6 24.51 29.18 -7.47 0.733 1167
1169 6 11.25 1.26 -3.44 0.602 919
1170 6 11.69 1.04 -3.52 0.589 1169
1171 6 12.13 0.81 -3.61 0.577 1170
1172 6 12.57 0.57 -3.68 0.567 1171
1173 6 13.01 0.33 -3.74 0.561 1172
1174 6 13.45 0.07 -3.78 0.558 1173
1175 6 13.88 -0.15 -3.85 0.556 1174
1176 6 14.33 -0.35 -3.94 0.555 1175
1177 6 14.77 -0.58 -4.04 0.553 1176
1178 6 15.2 -0.8 -4.18 0.551 1177
1179 6 15.64 -1.02 -4.32 0.549 1178
1180 6 16.08 -1.22 -4.49 0.548 1179
1181 6 16.52 -1.39 -4.66 0.548 1180
