1 7 0 0 0 0.767 -1
2 7 -0.17 0.37 -0.08 0.75 1
3 7 0 0.68 -0.07 0.75 2
4 7 0 0.88 -0.24 0.75 3
5 7 0.03 1.1 -0.13 0.75 4
6 7 0.13 1.34 -0.18 0.75 5
7 7 -0.13 1.38 -0.54 0.75 6
8 7 -0.08 1.59 -0.48 0.75 7
9 7 -0.11 1.8 -0.37 0.75 8
10 7 -0.07 1.91 -0.6 0.75 9
11 7 -0.16 2.16 -0.34 0.75 10
12 7 -0.27 2.3 -0.5 0.75 11
13 7 -0.1 2.45 -0.62 0.75 12
14 7 -0.17 2.69 -0.37 0.75 13
15 7 -0.19 2.72 -0.86 0.75 14
16 7 -0.18 2.93 -0.81 0.75 15
17 7 -0.11 3.1 -0.89 0.75 16
18 7 -0.17 3.33 -0.78 0.75 17
19 7 -0.12 3.55 -0.83 0.75 18
20 7 -0.08 3.8 -0.81 0.75 19
21 7 -0.2 3.92 -1.07 0.75 20
22 7 0.04 4.24 -0.91 0.75 21
23 7 0 4.42 -1.04 0.75 22
24 7 0.1 4.65 -0.94 0.75 23
25 7 0.28 4.92 -0.78 0.75 24
26 7 0.3 5.06 -0.86 0.75 25
27 7 0.12 5.3 -0.61 0.75 26
28 7 0.25 5.48 -0.56 0.75 27
29 7 0.32 5.68 -0.6 0.75 28
30 7 0.38 5.86 -0.57 0.75 29
31 7 0.47 6.07 -0.43 0.75 30
32 7 0.54 6.24 -0.5 0.75 31
33 7 0.48 6.45 -0.3 0.75 32
34 7 0.66 6.67 -0.23 0.75 33
35 7 0.44 6.77 -0.29 0.75 34
36 7 0.35 6.97 -0.12 0.75 35
37 7 0.35 7.1 -0.17 0.75 36
38 7 0.33 7.26 -0.2 0.75 37
39 7 0.29 7.45 -0.07 0.75 38
40 7 0.13 7.63 0.14 0.75 39
41 7 0.1 7.78 0.08 0.75 40
42 7 0.23 7.98 0.08 0.75 41
43 7 0.25 8.15 0.12 0.75 42
44 7 0.39 8.3 0.1 0.75 43
45 7 0.38 8.48 0.19 0.75 44
46 7 0.57 8.66 0.2 0.75 45
47 7 0.52 8.85 0.21 0.75 46
48 7 0.54 9.03 0.23 0.75 47
49 7 0.55 9.19 0.25 0.75 48
50 7 0.55 9.34 0.26 0.75 49
51 7 0.55 9.5 0.27 0.75 50
52 7 0.54 9.66 0.28 0.75 51
53 7 0.69 9.91 0.36 0.75 52
54 7 0.64 10.08 0.23 0.75 53
55 7 0.66 10.3 0.36 0.75 54
56 7 0.85 10.48 0.33 0.75 55
57 7 1.01 10.66 0.22 0.75 56
58 7 1.07 10.81 -0.02 0.75 57
59 7 1.22 10.94 -0.23 0.75 58
60 7 1.22 11.07 -0.37 0.75 59
61 7 1.15 11.23 -0.38 0.75 60
62 7 1.43 11.42 -0.44 0.75 61
63 7 1.43 11.54 -0.43 0.75 62
64 7 1.51 11.78 -0.16 0.75 63
65 7 1.55 11.93 -0.2 0.75 64
66 7 1.52 12 -0.44 0.75 65
67 7 1.49 12.2 -0.18 0.75 66
68 7 1.43 12.3 -0.37 0.75 67
69 7 1.42 12.51 -0.19 0.75 68
70 7 1.35 12.67 -0.19 0.75 69
71 7 1.54 13.14 -0.26 0.75 70
72 7 1.62 13.32 -0.21 0.75 71
73 7 1.72 13.51 -0.25 0.75 72
74 7 2.03 13.8 0.11 0.75 73
75 7 2.13 13.98 0.2 0.75 74
76 7 2.02 14.05 -0.11 0.75 75
77 7 1.92 14.24 -0.18 0.75 76
78 7 1.99 14.45 -0.36 0.75 77
79 7 2.17 14.71 -0.38 0.75 78
80 7 2.27 15.03 -0.03 0.75 79
81 7 2.38 15.29 0.29 0.75 80
82 7 2.1 15.34 0.09 0.75 81
83 7 2.06 15.57 0.34 0.75 82
84 7 1.92 15.71 0.41 0.75 83
85 7 1.62 15.7 -0.03 0.75 84
86 7 1.18 15.83 -0.16 0.75 85
87 7 1.49 16.1 -0.09 0.75 86
88 7 1.61 16.36 0.1 0.75 87
89 7 1.62 16.53 0.01 0.75 88
90 7 1.65 16.72 0.09 0.75 89
91 7 1.43 16.87 0.01 0.75 90
92 7 1.38 17.04 -0.01 0.75 91
93 7 1.17 17.15 -0.15 0.75 92
94 7 1.06 17.3 -0.18 0.75 93
95 7 1.24 17.45 -0.24 0.75 94
96 7 0.9 17.61 -0.32 0.75 95
97 7 0.54 17.76 -0.33 0.75 96
98 7 1.68 18.14 0.03 0.75 97
99 7 1.72 18.32 0 0.75 98
100 7 1.85 18.5 0.04 0.75 99
101 7 2.2 18.75 0.01 0.75 100
102 7 1.94 18.89 0 0.75 101
103 7 2.11 19.02 -0.1 0.75 102
104 7 2.06 19.16 -0.04 0.75 103
105 7 1.93 19.36 0.05 0.75 104
106 7 2.04 19.56 -0.05 0.75 105
107 7 2.08 19.73 -0.13 0.75 106
108 7 2.08 19.92 -0.16 0.75 107
109 7 2.07 20.12 0.02 0.75 108
110 7 2.02 20.28 0.04 0.75 109
111 7 2.2 20.37 -0.13 0.75 110
112 7 2.17 20.57 -0.14 0.75 111
113 7 2.31 20.76 -0.28 0.75 112
114 7 2.34 21.04 -0.11 0.75 113
115 7 2.61 21.34 0.17 0.75 114
116 7 2.45 21.41 -0.12 0.75 115
117 7 2.36 21.63 0.01 0.75 116
118 7 2.35 21.75 -0.04 0.75 117
119 7 2.4 21.93 0.01 0.75 118
120 7 2.24 22.1 0.08 0.75 119
121 7 2.19 22.23 -0.08 0.75 120
122 7 2.18 22.45 0.11 0.75 121
123 7 2.14 22.66 0.15 0.75 122
124 7 2.24 22.82 0.1 0.75 123
125 7 2.19 22.96 0.03 0.75 124
126 7 2.31 23.15 0.04 0.75 125
127 7 2.24 23.27 -0.18 0.75 126
128 7 2.5 23.55 -0.16 0.75 127
129 7 2.7 23.81 -0.03 0.75 128
130 7 2.72 24.01 -0.03 0.75 129
131 7 2.6 24.14 -0.05 0.75 130
132 7 2.43 24.29 -0.03 0.75 131
133 7 2.39 24.47 0 0.75 132
134 7 2.49 24.65 -0.05 0.75 133
135 7 2.34 24.91 0.31 0.75 134
136 7 2.5 24.87 -0.44 0.75 135
137 7 2.35 25.01 -0.7 0.75 136
138 7 2.24 25.35 -0.13 0.75 137
139 7 2.08 25.56 0.13 0.75 138
140 7 2.2 25.79 0.11 0.75 139
141 7 2.09 26.08 0.41 0.75 140
142 7 2.02 26.25 0.34 0.75 141
143 7 2.16 26.46 0.47 0.75 142
144 7 2.04 26.65 0.51 0.75 143
145 7 2.09 26.84 0.36 0.75 144
146 7 2.12 27.11 0.64 0.75 145
147 7 2.32 27.23 0.41 0.75 146
148 7 2.25 27.48 0.52 0.75 147
149 7 2.3 27.66 0.17 0.75 148
150 7 2.39 27.85 0.21 0.75 149
151 7 2.51 27.97 -0.12 0.75 150
152 7 2.5 28.13 -0.14 0.75 151
153 7 2.45 28.23 -0.43 0.75 152
154 7 2.46 28.42 -0.22 0.75 153
155 7 2.37 28.5 -0.45 0.75 154
156 7 2.43 28.61 -0.69 0.75 155
157 7 2.49 28.77 -0.77 0.75 156
158 7 2.67 28.84 -1.14 0.75 157
159 7 2.7 29.02 -1.1 0.75 158
160 7 2.58 29.17 -1.16 0.75 159
161 7 2.56 29.31 -1.25 0.75 160
162 7 2.55 29.46 -1.39 0.75 161
163 7 2.51 29.65 -1.4 0.75 162
164 7 2.44 29.78 -1.44 0.75 163
165 7 2.42 29.89 -1.47 0.75 164
166 7 2.41 30.02 -1.5 0.75 165
167 7 2.34 30.21 -1.43 0.75 166
168 7 2.19 30.34 -1.38 0.75 167
169 7 2.11 30.51 -1.36 0.75 168
170 7 1.93 30.65 -1.33 0.75 169
171 7 1.74 30.86 -1.18 0.75 170
172 7 1.82 30.98 -1.36 0.75 171
173 7 1.67 31.13 -1.39 0.75 172
174 7 1.4 31.27 -1.41 0.75 173
175 7 1.26 31.41 -1.48 0.75 174
176 7 0.96 31.57 -1.49 0.75 175
177 7 0.61 31.73 -1.51 0.75 176
178 7 0.39 31.93 -1.39 0.75 177
179 7 -0.03 32.05 -1.42 0.75 178
180 7 -0.15 32.27 -1.46 0.75 179
181 7 -0.09 32.52 -1.24 0.75 180
182 7 -0.04 32.63 -1.55 0.75 181
183 7 -0.13 32.77 -1.55 0.75 182
184 7 -0.4 32.9 -1.58 0.75 183
185 7 -0.41 33.09 -1.45 0.75 184
186 7 0.24 33.37 -1.64 0.75 185
187 7 0.51 33.62 -1.46 0.75 186
188 7 1.03 33.9 -1.34 0.75 187
189 7 1.1 34.15 -1.14 0.75 188
190 7 1.22 34.47 -1.02 0.75 189
191 7 1.93 34.67 -1.08 0.75 190
192 7 2.06 34.85 -1.09 0.75 191
193 7 2.01 35 -1.14 0.75 192
194 7 2.05 35.2 -1.12 0.75 193
195 7 2.22 35.4 -1.11 0.75 194
196 7 1.97 35.54 -1.1 0.75 195
197 7 2 35.7 -1.08 0.75 196
198 7 2.52 35.76 -0.99 0.75 197
199 7 2.54 35.98 -0.75 0.75 198
200 7 2.6 36.16 -0.72 0.75 199
201 7 2.64 36.35 -0.49 0.75 200
202 7 2.71 36.55 -0.43 0.75 201
203 7 2.59 36.91 -0.4 0.75 202
204 7 2.63 37.11 -0.35 0.75 203
205 7 2.66 37.41 -0.27 0.75 204
206 7 2.56 37.68 0 0.75 205
207 7 2.61 37.89 -0.12 0.75 206
208 7 2.8 38.04 -0.4 0.75 207
209 7 2.82 38.25 -0.42 0.75 208
210 7 2.86 38.42 -0.51 0.75 209
211 7 2.83 38.54 -0.6 0.75 210
212 7 2.58 38.78 -0.51 0.75 211
213 7 2.52 38.94 -0.59 0.75 212
214 7 2.52 39.12 -0.63 0.75 213
215 7 2.53 39.28 -0.69 0.75 214
216 7 2.66 39.42 -0.8 0.75 215
217 7 2.56 39.57 -0.75 0.75 216
218 7 2.65 39.72 -0.78 0.75 217
219 7 2.58 39.87 -0.88 0.75 218
220 7 2.57 40.17 -1.15 0.75 219
221 7 2.2 40.28 -1.26 0.75 220
222 7 2.2 40.46 -1.31 0.75 221
223 7 2.19 40.73 -1.27 0.75 222
224 7 2.26 40.94 -1.23 0.75 223
225 7 2.33 41.14 -1.17 0.75 224
226 7 2.36 41.33 -1 0.75 225
227 7 2.41 41.48 -1.01 0.75 226
228 7 2.43 41.66 -0.93 0.75 227
229 7 2.45 41.85 -0.87 0.75 228
230 7 2.66 42.06 -0.67 0.75 229
231 7 2.58 42.21 -0.56 0.75 230
232 7 2.65 42.42 -0.4 0.75 231
233 7 2.55 42.6 -0.15 0.75 232
234 7 2.52 42.77 -0.04 0.75 233
235 7 2.54 43.01 0.21 0.75 234
236 7 2.58 43.2 0.29 0.75 235
237 7 2.67 43.42 0.38 0.75 236
238 7 2.83 43.59 0.5 0.75 237
239 7 2.72 43.72 0.53 0.75 238
240 7 2.81 43.89 0.55 0.75 239
241 7 3 44.04 0.55 0.75 240
242 7 3.02 44.17 0.48 0.75 241
243 7 2.98 44.28 0.34 0.75 242
244 7 3.04 44.43 0.28 0.75 243
245 7 2.24 44.48 -0.09 0.75 244
246 7 2.4 44.64 -0.13 0.75 245
247 7 2.31 44.75 -0.18 0.75 246
248 7 2.07 44.89 -0.08 0.75 247
249 7 1.96 45.03 -0.1 0.75 248
250 7 1.76 45.18 0 0.75 249
251 7 1.59 45.3 0.05 0.75 250
252 7 1.41 45.45 0.11 0.75 251
253 7 1.41 45.62 0.17 0.75 252
254 7 1.48 45.78 0.15 0.75 253
255 7 3.83 44.47 0.72 0.75 243
256 7 4.48 44.48 0.48 0.75 255
257 7 4.7 44.69 0.19 0.75 256
258 7 4.77 44.85 0 0.75 257
259 7 4.75 45.04 -0.23 0.75 258
260 7 4.78 45.21 -0.25 0.75 259
261 7 4.76 45.37 -0.32 0.75 260
262 7 4.82 45.52 -0.33 0.75 261
263 7 4.83 45.61 -0.51 0.75 262
264 7 4.8 45.75 -0.47 0.75 263
265 7 4.78 45.89 -0.46 0.75 264
266 7 4.72 46 -0.54 0.75 265
267 7 4.68 46.08 -0.62 0.75 266
268 7 4.55 46.28 -0.38 0.75 267
269 7 4.71 46.36 -0.83 0.75 268
270 7 4.77 46.49 -0.95 0.75 269
271 7 4.76 46.61 -0.98 0.75 270
272 7 4.69 46.83 -0.85 0.75 271
273 7 4.55 47.04 -0.63 0.75 272
274 7 4.57 47.26 -0.48 0.75 273
275 7 4.63 47.38 -0.64 0.75 274
276 7 4.58 47.53 -0.57 0.75 275
277 7 4.62 47.68 -0.61 0.75 276
278 7 4.65 47.83 -0.62 0.75 277
279 7 4.65 47.99 -0.56 0.75 278
280 7 4.68 48.36 -0.11 0.75 279
281 7 4.56 48.51 -0.27 0.75 280
282 7 4.61 48.7 -0.18 0.75 281
283 7 4.61 48.91 -0.13 0.75 282
284 7 4.63 49.11 -0.06 0.75 283
285 7 4.51 49.21 -0.14 0.75 284
286 7 4.51 49.36 -0.06 0.75 285
287 7 4.45 49.51 -0.03 0.75 286
288 7 4.33 49.6 -0.14 0.75 287
289 7 4.29 49.73 -0.28 0.75 288
290 7 4.3 49.9 -0.15 0.75 289
291 7 4.25 50.06 -0.09 0.75 290
292 7 4.15 50.15 -0.2 0.75 291
293 7 4.2 50.27 -0.2 0.75 292
294 7 4.13 50.41 -0.12 0.75 293
295 7 4.16 50.54 -0.15 0.75 294
296 7 4.02 50.68 -0.1 0.75 295
297 7 4.03 50.8 -0.2 0.75 296
298 7 3.97 50.92 -0.17 0.75 297
299 7 3.94 51.02 -0.25 0.75 298
300 7 3.91 51.18 -0.21 0.75 299
301 7 3.85 51.28 -0.33 0.75 300
302 7 3.83 51.43 -0.25 0.75 301
303 7 3.75 51.57 -0.21 0.75 302
304 7 3.66 51.66 -0.35 0.75 303
305 7 3.71 51.76 -0.45 0.75 304
306 7 3.58 51.9 -0.37 0.75 305
307 7 3.54 52.02 -0.41 0.75 306
308 7 3.67 52.21 -0.47 0.75 307
309 7 3.59 52.41 -0.42 0.75 308
310 7 3.47 52.59 -0.51 0.75 309
311 7 3.37 52.86 -0.2 0.75 310
312 7 3.5 53.01 -0.18 0.75 311
313 7 3.43 53.03 -0.64 0.75 312
314 7 3.54 53.19 -0.61 0.75 313
315 7 3.62 53.34 -0.62 0.75 314
316 7 3.54 53.4 -0.91 0.75 315
317 7 3.59 53.58 -1.02 0.75 316
318 7 3.65 53.81 -0.85 0.75 317
319 7 3.69 54.01 -0.83 0.75 318
320 7 3.8 54.26 -0.71 0.75 319
321 7 3.76 54.37 -1.08 0.75 320
322 7 3.95 54.6 -1.02 0.75 321
323 7 4.5 55.06 -0.58 0.75 322
324 7 4.85 55.38 -0.37 0.75 323
325 7 4.88 55.58 -0.29 0.75 324
326 7 5.1 55.84 -0.42 0.75 325
327 7 5.18 56.08 -0.25 0.75 326
328 7 5.27 56.19 -0.44 0.75 327
329 7 5.36 56.38 -0.3 0.75 328
330 7 5.53 56.55 -0.4 0.75 329
331 7 5.64 56.85 0.04 0.75 330
332 7 5.78 57.03 -0.03 0.75 331
333 7 5.81 57.23 0.01 0.75 332
334 7 5.19 56.68 0.17 0.75 330
335 7 4.62 56.79 0.84 0.75 334
336 7 4.62 56.99 0.96 0.75 335
337 7 4.56 57.2 1.27 0.75 336
338 7 4.52 57.44 1.48 0.75 337
339 7 4.53 57.67 1.82 0.75 338
340 7 3.59 53.99 -0.17 0.75 318
341 7 4.24 54.21 0.33 0.75 340
342 7 4.41 54.04 0.43 0.75 341
343 7 4.16 53.85 0.45 0.75 342
344 7 3.96 53.69 0.49 0.75 343
345 7 4.74 47.84 -1.13 0.75 279
346 7 4.46 47.98 -1.29 0.75 345
347 7 4.48 48.18 -1.23 0.75 346
348 7 4.39 48.44 -1.21 0.75 347
349 7 3.5 43.12 0.33 0.75 235
350 7 3.36 42.34 -0.11 0.75 349
351 7 0.66 35.74 -0.45 0.75 197
352 7 0.54 35.36 -0.62 0.75 351
353 7 0.5 35.16 -0.51 0.75 352
354 7 0.27 34.91 -0.72 0.75 353
355 7 0.06 34.68 -0.96 0.75 354
356 7 0 34.45 -1.36 0.75 355
357 7 -0.19 34.34 -1.11 0.75 356
358 7 -0.35 34.16 -1.21 0.75 357
359 7 -0.46 33.98 -1.26 0.75 358
360 7 -0.48 33.76 -1.38 0.75 359
361 7 -0.56 33.62 -1.41 0.75 360
362 7 -0.74 33.53 -1.35 0.75 187
363 7 0.82 32.41 -1.33 0.75 180
364 7 2.32 29.44 -0.08 0.75 160
365 7 2.19 29.33 0.34 0.75 364
366 7 2.15 29.19 0.45 0.75 365
367 7 2.11 29.07 0.57 0.75 366
368 7 2.25 28.95 0.62 0.75 367
369 7 2.31 28.81 0.61 0.75 368
370 7 2.91 26.6 0.71 0.75 143
371 7 3.12 26.76 1.18 0.75 370
372 7 4.19 26.68 1.43 0.75 371
373 7 4.08 26.34 1.33 0.75 372
374 7 4.64 26.31 1.68 0.75 373
375 7 4.99 26.21 1.84 0.75 374
376 7 4.94 26.04 2.01 0.75 375
377 7 4.88 25.86 1.88 0.75 376
378 7 4.92 25.74 1.98 0.75 377
379 7 4.85 25.61 2.23 0.75 378
380 7 4.73 25.51 2.37 0.75 379
381 7 4.6 25.37 2.43 0.75 380
382 7 4.59 25.23 2.56 0.75 381
383 7 4.51 25.09 2.69 0.75 382
384 7 4.3 24.9 2.74 0.75 383
385 7 4.02 24.61 2.53 0.75 384
386 7 3.9 24.33 2.33 0.75 385
387 7 4.3 24.22 2.32 0.75 386
388 7 4.28 24.03 2.3 0.75 387
389 7 4.25 23.86 2.27 0.75 388
390 7 4.18 23.71 2.32 0.75 389
391 7 4.17 23.5 2.24 0.75 390
392 7 4.22 23.3 2.22 0.75 391
393 7 4.34 23.11 2 0.75 392
394 7 4.69 22.94 1.62 0.75 393
395 7 5.09 23.04 2.31 0.75 394
396 7 5.5 22.9 2.59 0.75 395
397 7 4.25 22.65 0.96 0.75 394
398 7 4.24 22.65 0.44 0.75 397
399 7 3.2 24.43 3 0.75 386
400 7 3.09 24.17 2.97 0.75 399
401 7 3.29 23.98 2.79 0.75 400
402 7 3.33 23.76 2.67 0.75 401
403 7 3.69 23.59 2.56 0.75 402
404 7 3.67 23.35 2.6 0.75 403
405 7 3.53 23.13 2.45 0.75 404
406 7 3.62 22.95 2.43 0.75 405
407 7 3.69 22.76 2.25 0.75 406
408 7 3.89 22.56 1.99 0.75 407
409 7 2.68 24.83 -1.97 0.75 138
410 7 2.53 24.9 -2.14 0.75 409
411 7 3.34 22.54 0.02 0.75 122
412 7 4.03 22.68 0.24 0.75 411
413 7 1.06 21.2 -0.33 0.75 116
414 7 0.04 21.11 0.11 0.75 413
415 7 0.46 20.87 -0.06 0.75 414
416 7 0.57 20.63 -0.1 0.75 415
417 7 0.51 20.45 0.03 0.75 416
418 7 0.5 20.29 0.12 0.75 417
419 7 0.94 20.22 -0.19 0.75 111
420 7 0.98 19.85 -0.78 0.75 419
421 7 0.58 19.63 -0.8 0.75 420
422 7 0.75 19.46 -0.79 0.75 421
423 7 0.22 17.43 0.04 0.75 95
424 7 1.16 17.16 -1.37 0.75 423
425 7 1.6 17.08 -1.82 0.75 424
426 7 1.99 16.88 -2.61 0.75 425
427 7 2.26 16.7 -3.37 0.75 426
428 7 2.4 16.96 -3.32 0.75 427
429 7 2.62 17.08 -3.63 0.75 428
430 7 2.79 17.3 -3.93 0.75 429
431 7 2.99 17.33 -4.29 0.75 430
432 7 -0.75 17.39 0.38 0.75 423
433 7 -1.31 17.57 0.56 0.75 432
434 7 -1.51 17.71 0.41 0.75 433
435 7 -1.7 17.72 -0.08 0.75 434
436 7 -1.41 17.77 -0.6 0.75 435
437 7 -1.41 17.88 -0.76 0.75 436
438 7 -1.73 18.05 -2.11 0.75 437
439 7 -1.84 18.2 -2.21 0.75 438
440 7 -2.24 18.09 -2.94 0.75 439
441 7 -1.72 18.48 -2.36 0.75 440
442 7 -1.71 18.01 -0.8 0.75 437
443 7 -1.84 18.21 -0.85 0.75 442
444 7 1.08 15.94 -1.9 0.75 89
445 7 1.78 16.05 -2.81 0.75 444
446 7 1.91 16.26 -2.8 0.75 445
447 7 2.7 16.22 1.45 0.75 85
448 7 2.94 16.48 1.6 0.75 447
449 7 2.72 16.61 1.44 0.75 448
450 7 2.69 16.8 1.25 0.75 449
451 7 3.24 14.85 1.29 0.75 77
452 7 3.21 15.02 1.15 0.75 451
453 7 3.26 15.26 1.25 0.75 452
454 7 2.05 13.87 0.68 0.75 74
455 7 1.76 13.76 1.02 0.75 454
456 7 1.71 13.64 1.22 0.75 455
457 7 1.86 13.57 1.54 0.75 456
458 7 1.92 13.5 1.77 0.75 457
459 7 1.61 13.39 2.06 0.75 458
460 7 1.21 13.16 2.2 0.75 459
461 7 1.11 12.97 2.32 0.75 460
462 7 1.46 12.96 0.18 0.75 70
463 7 1.48 12.97 -0.25 0.75 462
464 7 1.21 13 0.61 0.75 463
465 7 1.24 13.07 0.88 0.75 464
466 7 1.07 13.31 1.24 0.75 465
467 7 -0.03 10.68 0.39 0.75 57
468 7 -0.28 10.98 0.76 0.75 467
469 7 -0.53 11.19 1.04 0.75 468
470 7 -0.65 11.26 0.75 0.75 469
471 7 -0.79 11.33 0.55 0.75 470
472 7 -0.88 11.43 0.39 0.75 471
473 7 -0.98 11.55 0.19 0.75 472
474 7 -1.35 11.63 0.02 0.75 473
475 7 -1.59 11.76 -0.06 0.75 474
476 7 -1.77 11.91 -0.02 0.75 475
477 7 -1.9 12.04 -0.15 0.75 476
478 7 -1.98 12.25 0.04 0.75 477
479 7 -2.19 12.43 0.2 0.75 478
480 7 -2.4 12.61 0.37 0.75 479
481 7 -2.44 12.76 0.22 0.75 480
482 7 -2.33 12.93 0.11 0.75 481
483 7 -2.61 12.7 -0.43 0.75 482
484 7 -2.81 12.7 -0.99 0.75 483
485 7 -2.96 12.8 -1.17 0.75 484
486 7 -3.13 12.8 -1.66 0.75 485
487 7 -3.24 12.91 -1.77 0.75 486
488 7 -3.39 13.06 -1.83 0.75 487
489 7 -3.19 13.27 -1.77 0.75 488
490 7 -3.63 13.1 -2.3 0.75 489
491 7 -3.6 13.23 -2.59 0.75 490
492 7 -2.93 13.36 -1.44 0.75 489
493 7 -2.61 13.63 -1.17 0.75 492
494 7 -2.61 13.81 -1.07 0.75 493
495 7 -2.16 12.97 0.4 0.75 482
496 7 -1.92 13.21 0.78 0.75 495
497 7 -0.84 11.33 1.46 0.75 470
498 7 -1.13 11.61 2.6 0.75 497
499 7 -1.09 11.83 2.75 0.75 498
500 7 -0.99 11.96 2.65 0.75 499
501 7 -1.07 12.13 2.71 0.75 500
502 7 -1.25 12.23 2.53 0.75 501
503 7 -1.57 12.4 2.73 0.75 502
504 7 -2.83 0.36 -1.73 0.75 5
505 7 -0.1 -0.35 0.49 0.75 1
506 7 0 -0.56 0.35 0.75 505
507 7 0.29 -0.82 0.7 0.75 506
508 7 0.18 -1.06 0.59 0.75 507
509 7 0 -1.14 1.01 0.75 508
510 7 0.15 -1.36 0.8 0.75 509
511 7 0.14 -1.56 0.95 0.75 510
512 7 0.06 -1.67 1.23 0.75 511
513 7 0.28 -1.85 1.23 0.75 512
514 7 0.25 -2 1.44 0.75 513
515 7 0.51 -2.18 1.37 0.75 514
516 7 0.09 -2.55 1.21 0.75 515
517 7 0.15 -2.85 0.7 0.75 516
518 7 0.18 -2.91 1.05 0.75 517
519 7 0.1 -3.14 0.95 0.75 518
520 7 0.12 -3.38 0.63 0.75 519
521 7 -0.28 -3.34 1.71 0.75 520
522 7 -0.45 -3.57 1.8 0.75 521
523 7 -0.46 -3.72 1.94 0.75 522
524 7 -0.62 -3.96 1.62 0.75 523
525 7 -0.73 -4.16 1.64 0.75 524
526 7 -0.73 -4.29 1.85 0.75 525
527 7 -0.76 -4.48 1.88 0.75 526
528 7 -0.82 -4.55 2.12 0.75 527
529 7 -0.8 -4.67 2.24 0.75 528
530 7 -0.9 -4.79 2.46 0.75 529
531 7 -0.92 -4.96 2.56 0.75 530
532 7 -0.97 -5.12 2.6 0.75 531
533 7 -0.92 -5.24 2.81 0.75 532
534 7 -0.9 -5.38 2.99 0.75 533
535 7 -1.05 -5.52 3.58 0.75 534
536 7 -0.84 -5.64 3.67 0.75 535
537 7 -0.69 -5.86 3.57 0.75 536
538 7 -0.63 -6.01 3.68 0.75 537
539 7 -0.66 -6.19 3.7 0.75 538
540 7 -0.58 -6.38 3.67 0.75 539
541 7 -0.51 -6.58 3.63 0.75 540
542 7 -0.49 -6.74 3.66 0.75 541
543 7 -0.46 -6.93 3.66 0.75 542
544 7 -0.51 -7.06 3.74 0.75 543
545 7 -0.6 -7.27 3.7 0.75 544
546 7 -0.57 -7.41 3.74 0.75 545
547 7 -0.57 -7.6 3.74 0.75 546
548 7 -0.65 -7.79 3.74 0.75 547
549 7 -0.39 -7.86 3.86 0.75 548
550 7 -0.2 -7.93 4.13 0.75 549
551 7 -0.6 -4.05 2.01 0.75 525
552 7 -0.56 -3.83 2.79 0.75 551
553 7 -0.55 -4.02 2.95 0.75 552
554 7 -0.7 -4.21 2.91 0.75 553
555 7 -0.7 -4.35 3 0.75 554
556 7 -0.75 -4.52 3.09 0.75 555
557 7 -0.84 -4.68 3.15 0.75 556
558 7 -0.87 -4.88 3.14 0.75 557
559 7 -0.95 -5.03 3.13 0.75 558
560 7 -0.87 -5.15 3.24 0.75 559
561 7 -0.84 -5.3 3.36 0.75 560
562 7 0.81 -3.83 -0.54 0.75 521
563 7 1.16 -4.25 -1.14 0.75 562
564 7 1.06 -4.57 -1.46 0.75 563
565 7 0.89 -4.85 -1.59 0.75 564
566 7 0.64 -5.08 -1.66 0.75 565
567 7 0.65 -5.31 -1.86 0.75 566
568 7 0.74 -5.5 -2.03 0.75 567
569 7 0.79 -5.65 -2.04 0.75 568
570 7 0.67 -5.82 -2.04 0.75 569
571 7 0.55 -6.02 -2.04 0.75 570
572 7 0.46 -6.24 -2.16 0.75 571
573 7 0.57 -6.31 -1.87 0.75 572
574 7 0.52 -6.43 -1.78 0.75 573
575 7 0.6 -6.6 -1.84 0.75 574
576 7 0.69 -6.79 -1.99 0.75 575
577 7 0.79 -6.94 -1.95 0.75 576
578 7 0.8 -7.07 -1.92 0.75 577
579 7 0.87 -7.21 -1.79 0.75 578
580 7 1.03 -7.36 -1.79 0.75 579
581 7 1.1 -7.54 -1.83 0.75 580
582 7 1.33 -7.68 -1.8 0.75 581
583 7 1.4 -7.88 -1.9 0.75 582
584 7 1.35 -7.94 -1.62 0.75 583
585 7 1.24 -8.05 -1.5 0.75 584
586 7 1.3 -8.22 -1.56 0.75 585
587 7 1.22 -8.49 -1.73 0.75 586
588 7 1.38 -8.65 -1.76 0.75 587
589 7 1.44 -8.93 -2.16 0.75 588
590 7 1.49 -9.16 -2.48 0.75 589
591 7 1.59 -9.39 -2.67 0.75 590
592 7 1.59 -9.56 -2.64 0.75 591
593 7 1.63 -9.73 -2.55 0.75 592
594 7 1.61 -9.95 -2.67 0.75 593
595 7 1.56 -10.08 -2.47 0.75 594
596 7 1.5 -10.25 -2.37 0.75 595
597 7 1.3 -10.47 -2.41 0.75 596
598 7 1.16 -10.57 -2.16 0.75 597
599 7 1.15 -10.74 -2 0.75 598
600 7 1.13 -10.86 -1.96 0.75 599
601 7 0.9 -10.93 -1.56 0.75 600
602 7 0.57 -11.06 -1.32 0.75 601
603 7 0.56 -11.22 -1.34 0.75 602
604 7 0.58 -11.41 -1.49 0.75 603
605 7 0.44 -11.56 -1.44 0.75 604
606 7 0.4 -11.74 -1.42 0.75 605
607 7 0.57 -11.87 -1.37 0.75 606
608 7 0.63 -12.08 -1.42 0.75 607
609 7 0.7 -12.25 -1.47 0.75 608
610 7 0.87 -12.38 -1.42 0.75 609
611 7 1.03 -12.57 -1.5 0.75 610
612 7 1.03 -12.68 -1.34 0.75 611
613 7 1.02 -12.83 -1.28 0.75 612
614 7 1.08 -12.97 -1.17 0.75 613
615 7 0.89 -13.14 -1.13 0.75 614
616 7 0.92 -13.32 -1.1 0.75 615
617 7 0.98 -13.53 -1.2 0.75 616
618 7 1.25 -13.75 -1.42 0.75 617
619 7 1.26 -13.89 -1.27 0.75 618
620 7 1.23 -14.07 -1.26 0.75 619
621 7 1.07 -14.25 -1.28 0.75 620
622 7 0.96 -14.33 -1.04 0.75 621
623 7 0.93 -14.5 -1.07 0.75 622
624 7 0.66 -14.66 -0.99 0.75 623
625 7 0.5 -14.82 -0.98 0.75 624
626 7 0.6 -15 -0.91 0.75 625
627 7 0.4 -15.21 -1.1 0.75 626
628 7 0.56 -15.35 -1.05 0.75 627
629 7 0.44 -15.53 -1.06 0.75 628
630 7 0.8 -15.76 -1.24 0.75 629
631 7 0.77 -15.94 -1.2 0.75 630
632 7 0.67 -16.14 -1.24 0.75 631
633 7 0.84 -16.31 -1.33 0.75 632
634 7 0.98 -16.44 -1.23 0.75 633
635 7 0.84 -16.63 -1.27 0.75 634
636 7 0.94 -16.62 -0.72 0.75 635
637 7 1.16 -16.8 -0.85 0.75 636
638 7 1.28 -16.93 -0.62 0.75 637
639 7 1.34 -17.09 -0.53 0.75 638
640 7 1.42 -17.31 -0.72 0.75 639
641 7 1.3 -17.52 -0.94 0.75 640
642 7 1.15 -17.77 -1.22 0.75 641
643 7 1.07 -17.93 -1.16 0.75 642
644 7 0.98 -18.21 -1.57 0.75 643
645 7 0.79 -18.37 -1.52 0.75 644
646 7 0.83 -18.53 -1.45 0.75 645
647 7 0.7 -18.82 -1.67 0.75 646
648 7 0.76 -18.99 -1.51 0.75 647
649 7 0.73 -19.15 -1.53 0.75 648
650 7 0.82 -19.27 -1.35 0.75 649
651 7 0.72 -19.44 -1.31 0.75 650
652 7 0.87 -19.5 -1.02 0.75 651
653 7 0.87 -19.67 -0.96 0.75 652
654 7 0.84 -19.87 -1.06 0.75 653
655 7 0.86 -20.01 -0.94 0.75 654
656 7 0.87 -20.17 -0.96 0.75 655
657 7 0.95 -20.35 -0.97 0.75 656
658 7 1.05 -20.53 -0.97 0.75 657
659 7 1.08 -20.69 -0.92 0.75 658
660 7 1.09 -20.85 -0.95 0.704 659
661 7 1.13 -21.02 -0.9 0.75 660
662 7 1.05 -21.24 -0.93 0.75 661
663 7 1.17 -21.38 -0.78 0.75 662
664 7 1.25 -21.59 -0.9 0.75 663
665 7 1.21 -21.72 -0.79 0.75 664
666 7 1.23 -21.89 -0.72 0.75 665
667 7 1.19 -22.07 -0.75 0.75 666
668 7 0.92 -22.43 -0.74 0.75 667
669 7 0.95 -22.64 -0.81 0.75 668
670 7 1.07 -22.81 -0.83 0.75 669
671 7 1.18 -23.02 -0.88 0.75 670
672 7 1.18 -23.22 -0.91 0.75 671
673 7 1.26 -23.52 -0.98 0.75 672
674 7 1.31 -23.77 -1.01 0.75 673
675 7 1.37 -23.98 -1.05 0.75 674
676 7 1.31 -24.15 -1.04 0.75 675
677 7 1.25 -24.33 -1.03 0.75 676
678 7 1.24 -24.5 -0.88 0.75 677
679 7 1.2 -24.68 -0.84 0.75 678
680 7 1.22 -24.93 -0.95 0.75 679
681 7 1.26 -25.12 -0.84 0.75 680
682 7 1.16 -25.38 -0.99 0.75 681
683 7 1.3 -25.47 -0.67 0.75 682
684 7 1.24 -25.57 -0.49 0.75 683
685 7 1.24 -25.73 -0.36 0.75 684
686 7 1.17 -25.9 -0.33 0.75 685
687 7 1.31 -26.06 -0.32 0.75 686
688 7 1.43 -26.19 -0.18 0.75 687
689 7 1.33 -26.38 -0.21 0.75 688
690 7 1.35 -26.55 -0.16 0.75 689
691 7 1.3 -26.76 -0.17 0.75 690
692 7 1.38 -26.97 -0.36 0.75 691
693 7 1.33 -27.16 -0.35 0.75 692
694 7 1.21 -27.34 -0.33 0.75 693
695 7 1.25 -27.53 -0.43 0.75 694
696 7 1.44 -27.68 -0.39 0.75 695
697 7 1.55 -27.82 -0.17 0.75 696
698 7 1.6 -28.03 -0.42 0.75 697
699 7 1.59 -28.19 -0.38 0.75 698
700 7 1.64 -28.34 -0.38 0.75 699
701 7 1.69 -28.48 -0.29 0.75 700
702 7 1.76 -28.6 -0.28 0.75 701
703 7 1.86 -28.74 -0.27 0.75 702
704 7 1.92 -28.92 -0.44 0.75 703
705 7 1.95 -29.13 -0.55 0.75 704
706 7 2.04 -29.25 -0.51 0.75 705
707 7 2.16 -29.42 -0.56 0.75 706
708 7 2.1 -29.63 -0.61 0.75 707
709 7 2.34 -29.79 -0.49 0.75 708
710 7 2.51 -30.01 -0.64 0.75 709
711 7 2.69 -30.23 -0.7 0.75 710
712 7 2.74 -30.45 -0.76 0.75 711
713 7 2.8 -30.63 -0.74 0.75 712
714 7 2.81 -30.85 -0.78 0.75 713
715 7 2.86 -31.03 -0.78 0.75 714
716 7 2.71 -31.22 -0.82 0.75 715
717 7 2.72 -31.39 -0.8 0.75 716
718 7 2.76 -31.55 -0.68 0.75 717
719 7 2.75 -31.68 -0.62 0.75 718
720 7 2.66 -31.87 -0.5 0.75 719
721 7 2.54 -32.09 -0.64 0.75 720
722 7 2.45 -32.32 -0.81 0.75 721
723 7 2.38 -32.45 -0.58 0.75 722
724 7 2.01 -32.71 -0.76 0.75 723
725 7 2.37 -32.79 -0.52 0.75 724
726 7 2.3 -33 -0.61 0.75 725
727 7 2.4 -33.26 -0.91 0.75 726
728 7 2.41 -33.38 -0.83 0.75 727
729 7 2.23 -33.55 -0.89 0.75 728
730 7 1.88 -33.71 -0.91 0.75 729
731 7 1.9 -33.88 -0.96 0.75 730
732 7 2.02 -34.03 -1.06 0.75 731
733 7 2.04 -34.16 -0.98 0.75 732
734 7 2.06 -34.33 -1.01 0.75 733
735 7 2.1 -34.47 -0.94 0.75 734
736 7 2.17 -34.61 -0.98 0.75 735
737 7 2.31 -34.72 -0.9 0.75 736
738 7 2.31 -34.81 -0.72 0.75 737
739 7 2.47 -34.88 -0.56 0.75 738
740 7 2.42 -35.09 -0.66 0.75 739
741 7 2.47 -35.2 -0.55 0.75 740
742 7 2.48 -35.23 -0.23 0.75 741
743 7 2.43 -35.39 -0.19 0.75 742
744 7 2.43 -35.52 -0.19 0.75 743
745 7 2.42 -35.69 -0.24 0.75 744
746 7 2.42 -35.93 -0.41 0.75 745
747 7 2.53 -36.09 -0.46 0.75 746
748 7 2.5 -36.32 -0.69 0.75 747
749 7 2.3 -36.54 -0.75 0.75 748
750 7 2.12 -36.75 -0.85 0.75 749
751 7 2.18 -36.93 -0.97 0.75 750
752 7 2.03 -37.13 -1 0.75 751
753 7 2.07 -37.32 -1.07 0.75 752
754 7 2.01 -37.51 -1.13 0.75 753
755 7 1.98 -37.7 -1.11 0.75 754
756 7 1.96 -37.9 -1.14 0.75 755
757 7 2.03 -38.05 -1.09 0.75 756
758 7 2.08 -38.23 -1.07 0.75 757
759 7 2.18 -38.41 -1.08 0.75 758
760 7 2.27 -38.57 -1 0.75 759
761 7 2.35 -38.65 -0.74 0.75 760
762 7 2.61 -38.81 -0.75 0.75 761
763 7 2.65 -38.91 -0.58 0.75 762
764 7 2.75 -39.06 -0.53 0.75 763
765 7 2.8 -39.21 -0.59 0.75 764
766 7 2.99 -39.32 -0.57 0.75 765
767 7 2.96 -39.46 -0.45 0.75 766
768 7 3.02 -39.64 -0.5 0.75 767
769 7 3.02 -39.77 -0.47 0.75 768
770 7 3.1 -39.88 -0.34 0.75 769
771 7 3.14 -40.04 -0.33 0.75 770
772 7 3.1 -40.22 -0.39 0.75 771
773 7 3.11 -40.46 -0.51 0.75 772
774 7 3.22 -40.58 -0.41 0.75 773
775 7 3.38 -40.77 -0.55 0.75 774
776 7 3.19 -40.93 -0.4 0.75 775
777 7 3.1 -41.13 -0.25 0.75 776
778 7 2.76 -41.31 -0.17 0.75 777
779 7 2.64 -41.52 -0.15 0.75 778
780 7 2.68 -41.63 -0.04 0.75 779
781 7 2.66 -41.76 0.09 0.75 780
782 7 2.61 -41.94 0.2 0.75 781
783 7 2.66 -42.11 0.17 0.75 782
784 7 2.72 -42.29 0.09 0.75 783
785 7 2.57 -42.53 0.08 0.75 784
786 7 2.62 -42.73 0.06 0.75 785
787 7 2.73 -42.94 -0.04 0.75 786
788 7 2.62 -43.18 -0.28 0.75 787
789 7 2.69 -43.44 -0.49 0.75 788
790 7 2.64 -43.62 -0.48 0.75 789
791 7 2.79 -43.91 -0.9 0.75 790
792 7 2.71 -44.13 -0.99 0.75 791
793 7 2.86 -44.33 -1.07 0.75 792
794 7 2.87 -44.5 -0.96 0.75 793
795 7 3.02 -44.72 -1.18 0.75 794
796 7 3.1 -44.93 -1.34 0.75 795
797 7 3.2 -45.09 -1.2 0.75 796
798 7 3.21 -45.32 -1.18 0.75 797
799 7 3.21 -45.34 -0.76 0.75 798
800 7 3.25 -45.52 -0.73 0.75 799
801 7 3.32 -45.68 -0.66 0.75 800
802 7 3.3 -45.81 -0.44 0.75 801
803 7 3.53 -46 -0.55 0.75 802
804 7 3.46 -46.21 -0.58 0.75 803
805 7 3.5 -46.36 -0.61 0.75 804
806 7 3.55 -46.52 -0.56 0.75 805
807 7 3.59 -46.72 -0.53 0.75 806
808 7 3.61 -46.88 -0.46 0.75 807
809 7 3.65 -47.02 -0.39 0.75 808
810 7 3.59 -47.25 -0.55 0.75 809
811 7 3.55 -47.42 -0.51 0.75 810
812 7 3.72 -47.61 -0.54 0.75 811
813 7 3.64 -47.76 -0.35 0.75 812
814 7 3.54 -47.98 -0.41 0.75 813
815 7 3.45 -48.21 -0.49 0.75 814
816 7 3.32 -48.42 -0.56 0.75 815
817 7 3.47 -48.57 -0.54 0.75 816
818 7 3.5 -48.76 -0.6 0.75 817
819 7 3.35 -48.97 -0.69 0.75 818
820 7 3.25 -49.16 -0.72 0.75 819
821 7 3.39 -49.32 -0.64 0.75 820
822 7 3.29 -49.49 -0.63 0.75 821
823 7 3.17 -49.72 -0.72 0.75 822
824 7 3.12 -49.92 -0.7 0.75 823
825 7 3.08 -50.1 -0.68 0.75 824
826 7 3.09 -50.31 -0.68 0.75 825
827 7 3.08 -50.54 -0.83 0.75 826
828 7 3.14 -50.74 -0.84 0.75 827
829 7 3.14 -50.89 -0.83 0.75 828
830 7 3.09 -51.22 -1.11 0.75 829
831 7 3.4 -51.34 -0.99 0.75 830
832 7 3.44 -51.62 -1.28 0.75 831
833 7 3.61 -51.76 -1.29 0.75 832
834 7 3.76 -51.97 -1.41 0.75 833
835 7 3.75 -52.1 -1.27 0.75 834
836 7 3.6 -52.29 -1.22 0.75 835
837 7 3.65 -52.49 -1.09 0.75 836
838 7 3.63 -52.67 -1.08 0.75 837
839 7 3.58 -52.81 -0.99 0.75 838
840 7 3.67 -52.94 -0.83 0.75 839
841 7 3.76 -53.15 -0.97 0.75 840
842 7 3.68 -53.25 -0.71 0.75 841
843 7 3.67 -53.38 -0.57 0.75 842
844 7 3.41 -53.6 -0.73 0.75 843
845 7 3.35 -53.7 -0.42 0.75 844
846 7 3.39 -53.85 -0.3 0.75 845
847 7 3.33 -54.02 -0.2 0.75 846
848 7 3.41 -54.16 -0.16 0.75 847
849 7 3.42 -54.24 0.06 0.75 848
850 7 3.51 -54.72 -0.6 0.75 849
851 7 3.86 -54.98 -0.91 0.75 850
852 7 3.93 -55.19 -0.95 0.75 851
853 7 3.91 -55.38 -0.85 0.75 852
854 7 4.12 -55.53 -0.73 0.75 853
855 7 3.63 -55.77 -0.62 0.75 854
856 7 3.42 -56.02 -0.56 0.75 855
857 7 3.31 -56.21 -0.52 0.75 856
858 7 3.03 -56.37 -0.37 0.75 857
859 7 2.8 -56.54 -0.23 0.75 858
860 7 2.39 -56.81 -0.26 0.75 859
861 7 2.22 -57.07 -0.41 0.75 860
862 7 1.93 -57.2 -0.15 0.75 861
863 7 1.69 -57.42 -0.09 0.75 862
864 7 1.65 -57.64 -0.09 0.75 863
865 7 1.34 -57.91 -0.31 0.75 864
866 7 1.17 -58.09 -0.13 0.75 865
867 7 1.02 -58.32 -0.01 0.75 866
868 7 1.43 -58.65 0.35 0.75 867
869 7 1.63 -58.87 0.2 0.75 868
870 7 1.59 -58.95 0.61 0.75 869
871 7 1.6 -59.12 0.68 0.75 870
872 7 1.38 -59.28 0.86 0.75 871
873 7 1.33 -59.42 0.94 0.75 872
874 7 1.8 -59.5 1.04 0.75 873
875 7 1.67 -59.62 1.26 0.75 874
876 7 1.7 -59.76 1.43 0.75 875
877 7 1.91 -59.89 1.54 0.75 876
878 7 2.21 -59.94 1.73 0.75 877
879 7 2.38 -60.05 2.04 0.75 878
880 7 2.68 -60.21 2 0.75 879
881 7 3.15 -60.3 2.06 0.75 880
882 7 3.65 -60.39 2.16 0.75 881
883 7 3.77 -60.58 2.13 0.75 882
884 7 4.33 -60.8 1.62 0.75 883
885 7 4.06 -60.97 1.69 0.75 884
886 7 3.88 -61.12 1.94 0.75 885
887 7 3.2 -61.07 3.01 0.75 886
888 7 3.62 -61.35 2.46 0.75 887
889 7 3.37 -60.75 3.81 0.75 888
890 7 3.07 -60.89 4.34 0.75 889
891 7 3.14 -61 4.51 0.75 890
892 7 3.26 -61.15 4.69 0.75 891
893 7 4.12 -61.62 3.25 0.75 892
894 7 4.39 -62.1 2.18 0.75 893
895 7 4.86 -62.38 1.72 0.75 894
896 7 3.47 -62.49 2.52 0.75 895
897 7 3.1 -62.83 2.31 0.75 896
898 7 2.82 -63.01 2.55 0.75 897
899 7 1.99 -63.03 3.56 0.75 898
900 7 0.82 -63.12 4.72 0.75 899
901 7 0.24 -63.41 5.51 0.75 900
902 7 6.14 -61.51 -0.33 0.75 886
903 7 6.74 -61.96 -1.49 0.75 902
904 7 7 -61.95 -0.97 0.75 903
905 7 7.21 -62.06 -0.79 0.75 904
906 7 8.13 -62.6 -2.2 0.75 905
907 7 8.45 -62.93 -2.58 0.75 906
908 7 8.65 -63.18 -2.96 0.75 907
909 7 8.76 -63.36 -3.1 0.75 908
910 7 4.45 -59.97 0.95 0.75 878
911 7 5.8 -59.89 0.68 0.75 910
912 7 8.11 -60.11 0.33 0.75 911
913 7 8.69 -60.06 0.12 0.75 912
914 7 10.04 -60.22 -0.19 0.75 913
915 7 4.3 -54.43 0.34 0.75 849
916 7 4.79 -54.57 0.45 0.75 915
917 7 5.02 -54.69 0.53 0.75 916
918 7 2.33 -51.48 -1.84 0.75 830
919 7 1.93 -51.51 -1.81 0.75 918
920 7 1.7 -51.63 -1.68 0.75 919
921 7 2.93 -47.46 0.29 0.75 812
922 7 2.37 -47.52 0.29 0.75 921
923 7 2.08 -47.53 1.07 0.75 922
924 7 1.86 -47.81 0.88 0.75 923
925 7 2.78 -45.79 -0.02 0.75 803
926 7 2.62 -45.92 0.07 0.75 925
927 7 2.41 -46.17 -0.12 0.75 926
928 7 2.32 -46.41 -0.37 0.75 927
929 7 2.46 -44.73 -0.38 0.75 796
930 7 2.42 -44.9 0.15 0.75 929
931 7 2.28 -45.08 0.39 0.75 930
932 7 2.29 -45.24 0.53 0.75 931
933 7 3.48 -42.06 1.46 0.75 785
934 7 3.7 -41.65 1.87 0.75 933
935 7 3.81 -41.07 -1.8 0.75 775
936 7 3.83 -40.95 -1.99 0.75 935
937 7 3.64 -40.87 -2.29 0.75 936
938 7 0.78 -24.98 -1.77 0.75 679
939 7 0.53 -24.52 -1.71 0.75 938
940 7 0.47 -24.34 -1.84 0.75 939
941 7 1.68 -22.78 -0.19 0.75 671
942 7 1.12 -22.21 -0.67 0.75 667
943 7 0.43 -22.42 -1.47 0.75 942
944 7 -0.44 -23.06 -1.38 0.75 943
945 7 -0.39 -23.21 -1.39 0.75 944
946 7 -0.01 -23.35 -1.49 0.75 945
947 7 0.05 -23.49 -1.39 0.75 946
948 7 -0.03 -23.68 -1.35 0.75 947
949 7 -0.52 -23.87 -0.95 0.75 948
950 7 -1.02 -24.02 -0.73 0.75 949
951 7 -0.93 -24.2 -0.49 0.75 950
952 7 1.87 -22.08 -0.77 0.75 942
953 7 2.25 -22.14 -0.54 0.75 952
954 7 2.56 -22.27 -0.49 0.75 953
955 7 2.46 -22.43 -0.43 0.75 954
956 7 2.41 -22.6 -0.31 0.75 955
957 7 2.57 -22.77 -0.2 0.75 956
958 7 0.14 -18.84 -2.3 0.75 646
959 7 0.62 -13.52 -0.36 0.75 618
960 7 0.28 -13.73 -0.34 0.75 959
961 7 0.32 -13.85 -0.24 0.75 960
