# SWC to SWC conversion from L-Measure. Sridevi Polavaram: spolavar@gmu.edu
# Original fileName:C:\postprocessing\FlyEM_Final\Source_Temp1//KC-s-4505762.FS1.swc
#
# SWC to SWC conversion from L-Measure. Sridevi Polavaram: spolavar@gmu.edu
# Original fileName:C:\NMO_dev\data_proc\FlyEM_Final\Source_Temp1//KC-s-4505762.CNG.swc
#
# NEUROMANTIC V1.7.5 (8/9/2017 10:23:23 PM): Saved to KC-s-4505762.FS.swc
# ORIGINAL_SOURCE 
# CREATURE 
# REGION 
# FIELD/LAYER 
# TYPE 
# CONTRIBUTOR 
# REFERENCE 
# RAW 
# EXTRAS 
# SOMA_AREA 
# SHRINKAGE_CORRECTION 
# VERSION_NUMBER 
# VERSION_DATE 
# ********************************************* 
# SCALE 1.0 1.0 1.0 
 1 6 0 0 0 0.666 -1
 2 6 0.1 -0.04 0.06 0.611 1
 3 6 0.2 -0.09 0.12 0.611 2
 4 6 -0.28 -0.02 0.74 0.232 3
 5 6 0.46 -0.2 0.33 0.533 3
 6 6 0.6 -0.11 -0.67 0.404 5
 7 6 0.34 -0.5 -0.94 0.16 6
 8 6 0.34 -0.67 -0.88 0.096 7
 9 6 0.68 -0.1 -1.36 0.032 6
 10 6 0.68 -0.1 -1.39 0.032 9
 11 6 0.68 -0.1 -1.48 0.032 10
 12 6 0.68 -0.1 -1.52 0.032 11
 13 6 0.8 -0.34 0.66 0.381 5
 14 6 1.11 -0.62 0.15 0.24 13
 15 6 0.99 -0.5 1.08 0.199 13
 16 6 1.2 -0.5 1.59 0.096 15
 17 6 1.29 -0.46 1.98 0.118 16
 18 6 0.99 -0.5 2.16 0.096 17
 19 6 0.86 -0.54 2.16 0.032 18
 20 6 0.81 -0.54 2.16 0.032 19
 21 6 1.32 -0.37 2.16 0.111 17
 22 6 1.37 -0.1 2.35 0.288 21
 23 6 1.24 0.1 2.52 0.111 22
 24 6 1.24 0.21 2.68 0.059 23
 25 6 1.24 0.28 2.73 0.032 24
 26 6 1.24 0.28 2.77 0.032 25
 27 6 1.24 0.34 2.93 0.096 26
 28 6 1.24 0.54 3.19 0.096 27
 29 6 1.24 0.67 3.23 0.111 28
 30 6 1.38 1 3.52 0.288 29
 31 6 1.76 0.86 4.36 0.103 30
 32 6 1.94 0.86 4.34 0.059 31
 33 6 2.02 0.86 4.28 0.032 32
 34 6 2.08 0.92 4.21 0.059 33
 35 6 2.08 0.98 4.15 0.032 34
 36 6 1.76 0.82 4.8 0.27 31
 37 6 2.11 0.89 4.61 0.155 36
 38 6 2.08 1.27 4.73 0.096 37
 39 6 2.02 1.4 4.65 0.059 38
 40 6 2.02 1.4 4.59 0.032 39
 41 6 2.28 0.8 4.65 0.096 37
 42 6 2.39 0.73 4.65 0.096 41
 43 6 2.84 0.86 4.84 0.16 42
 44 6 2.99 0.98 4.98 0.111 43
 45 6 3.09 1.12 5.05 0.111 44
 46 6 3.3 1.27 5.17 0.199 45
 47 6 3.69 1.65 5.23 0.149 46
 48 6 3.88 1.9 5.36 0.032 47
 49 6 3.88 1.9 5.42 0.032 48
 50 6 1.76 0.92 5.61 0.149 36
 51 6 1.84 1.12 5.88 0.111 50
 52 6 1.87 1.34 6.07 0.111 51
 53 6 2.02 1.48 6.19 0.096 52
 54 6 2.2 1.65 6.26 0.096 53
 55 6 2.34 1.78 6.26 0.149 54
 56 6 2.59 2.03 6.51 0.111 55
 57 6 2.73 2.09 6.63 0.111 56
 58 6 2.84 2.09 6.63 0.111 57
 59 6 3.09 2.31 6.9 0.111 58
 60 6 3.34 2.44 6.96 0.149 59
 61 6 3.75 2.61 7.09 0.16 60
 62 6 3.94 2.7 7.21 0.224 61
 63 6 4.26 2.96 7.61 0.17 62
 64 6 4.46 3 7.9 0.096 63
 65 6 4.65 3.25 8.28 0.224 64
 66 6 5 3.55 8.65 0.31 65
 67 6 4.57 3.82 8.61 0.096 66
 68 6 5.07 3.65 8.75 0.309 66
 69 6 5.28 3.31 8.43 0.199 68
 70 6 5.48 4.11 9.11 0.288 68
 71 6 5.86 4.61 9.32 0.254 70
 72 6 6.11 4.88 9.5 0.288 71
 73 6 6.25 5.05 9.69 0.199 72
 74 6 6.3 5.38 9.94 0.24 73
 75 6 6.3 5.84 10.07 0.096 74
 76 6 6.3 6.09 10.07 0.096 75
 77 6 6.38 6.34 10.07 0.096 76
 78 6 6.38 6.59 10.15 0.096 77
 79 6 6.38 6.86 10.15 0.111 78
 80 6 6.44 7.05 10.22 0.149 79
 81 6 6.55 7.3 10.4 0.096 80
 82 6 6.75 7.57 10.47 0.16 81
 83 6 7.11 7.86 10.47 0.199 82
 84 6 7.15 7.76 10.15 0.111 83
 85 6 7.15 7.57 10.07 0.032 84
 86 6 7.46 8.26 10.65 0.199 83
 87 6 7.46 8.39 11 0.149 86
 88 6 7.59 8.52 11.11 0.096 87
 89 6 7.59 8.71 11.18 0.096 88
 90 6 7.73 9.14 11.18 0.254 89
 91 6 7.73 9.53 11.18 0.352 90
 92 6 7.32 9.73 11 0.096 91
 93 6 7.21 9.86 10.9 0.032 92
 94 6 7.9 9.78 11.28 0.228 91
 95 6 7.59 9.9 11.5 0.096 94
 96 6 7.46 10 11.5 0.096 95
 97 6 8.23 10.11 11.31 0.149 94
 98 6 8.36 10.56 10.9 0.288 97
 99 6 8.36 11.14 10.86 0.224 98
 100 6 8.36 11.65 10.86 0.224 99
 101 6 8.27 12.15 10.86 0.224 100
 102 6 8.11 12.86 10.75 0.252 101
 103 6 7.78 12.78 10.86 0.111 102
 104 6 7.73 12.68 10.86 0.096 103
 105 6 7.59 12.53 10.9 0.032 104
 106 6 7.51 12.48 10.9 0.032 105
 107 6 8.1 13.31 10.53 0.096 102
 108 6 8.1 13.57 10.47 0.096 107
 109 6 8.1 13.89 10.4 0.111 108
 110 6 8.1 14.27 10.35 0.096 109
 111 6 8.48 14.15 9.94 0.032 110
 112 6 8.48 14.15 9.9 0.032 111
 113 6 8.1 14.57 10.28 0.096 110
 114 6 8.1 14.72 10.28 0.096 113
 115 6 8.23 15.11 10.15 0.199 114
 116 6 8.23 15.61 9.9 0.16 115
 117 6 8.1 16 9.77 0.16 116
 118 6 8.02 16.32 9.64 0.288 117
 119 6 7.98 16.82 9.11 0.341 118
 120 6 7.73 17.42 8.75 0.224 119
 121 6 7.73 17.6 8.61 0.16 120
 122 6 7.59 17.73 8.61 0.111 121
 123 6 7.4 17.93 8.43 0.16 122
 124 6 7.21 17.93 8.28 0.224 123
 125 6 6.69 18.25 8.15 0.17 124
 126 6 6.44 18.51 8.03 0.111 125
 127 6 6.25 18.68 7.98 0.111 126
 128 6 6 18.94 7.86 0.111 127
 129 6 5.8 19.14 7.86 0.096 128
 130 6 5.67 19.19 7.78 0.149 129
 131 6 5.36 19.4 7.67 0.111 130
 132 6 5.17 19.45 7.61 0.096 131
 133 6 5.03 19.6 7.53 0.111 132
 134 6 4.71 19.72 7.48 0.111 133
 135 6 4.46 19.85 7.34 0.111 134
 136 6 4.19 19.97 7.28 0.149 135
 137 6 4.07 20.1 7.21 0.111 136
 138 6 3.69 20.23 7.09 0.149 137
 139 6 3.3 20.43 6.96 0.149 138
 140 6 3.04 20.6 6.71 0.111 139
 141 6 2.73 20.75 6.51 0.111 140
 142 6 2.48 20.75 6.26 0.096 141
 143 6 2.28 20.86 6.07 0.111 142
 144 6 1.94 21 5.88 0.096 143
 145 6 1.69 21 5.73 0.096 144
 146 6 1.45 21 5.67 0.111 145
 147 6 1.32 21.11 5.67 0.096 146
 148 6 0.99 21.18 5.61 0.096 147
 149 6 0.73 21.31 5.55 0.111 148
 150 6 0.54 21.31 5.48 0.17 149
 151 6 0.28 21.26 5.3 0.16 150
 152 6 -0.09 21.26 5.23 0.17 151
 153 6 -0.5 21.26 5.17 0.149 152
 154 6 -0.82 21.11 5.05 0.111 153
 155 6 -1.14 20.93 4.78 0.199 154
 156 6 -1.49 20.54 4.46 0.232 155
 157 6 -2 20.1 4.21 0.288 156
 158 6 -2.57 19.65 4.21 0.16 157
 159 6 -2.69 19.6 4.09 0.096 158
 160 6 -2.82 19.6 4.09 0.096 159
 161 6 -3.02 19.4 4.01 0.096 160
 162 6 -3.27 19.14 4.01 0.096 161
 163 6 -3.53 19.02 4.01 0.149 162
 164 6 -3.9 19.09 4.28 0.149 163
 165 6 -4.15 19.27 4.46 0.111 164
 166 6 -4.36 19.45 4.73 0.288 165
 167 6 -4.63 19.52 5.17 0.288 166
 168 6 -4.82 19.6 5.61 0.096 167
 169 6 -5.01 19.45 5.8 0.096 168
 170 6 -5.13 19.4 5.94 0.096 169
 171 6 -5.32 19.19 6.13 0.111 170
 172 6 -5.59 18.94 6.26 0.149 171
 173 6 -5.84 18.94 6.51 0.149 172
 174 6 -5.96 18.94 6.71 0.149 173
 175 6 -6.09 18.94 6.84 0.096 174
 176 6 -6.21 18.82 7.03 0.096 175
 177 6 -6.4 18.68 7.15 0.16 176
 178 6 -6.55 18.62 7.28 0.096 177
 179 6 -6.86 18.62 7.61 0.16 178
 180 6 -7.17 18.87 7.78 0.149 179
 181 6 -7.51 19.14 7.9 0.149 180
 182 6 -7.63 19.27 8.03 0.096 181
 183 6 -7.76 19.4 8.11 0.096 182
 184 6 -7.76 19.52 8.11 0.096 183
 185 6 -7.82 19.72 8.15 0.16 184
 186 6 -7.94 20.1 8.28 0.199 185
 187 6 -8.19 20.68 8.61 0.397 186
 188 6 -8.57 20.75 9.39 0.16 187
 189 6 -8.82 20.79 9.64 0.096 188
 190 6 -8.96 20.86 9.77 0.149 189
 191 6 -9.23 20.93 10.22 0.111 190
 192 6 -9.28 20.75 10.47 0.111 191
 193 6 -9.48 20.54 10.86 0.16 192
 194 6 -9.78 20.43 11.31 0.199 193
 195 6 -10 20.43 11.61 0.17 194
 196 6 -10.11 20.54 12.07 0.149 195
 197 6 -10.36 20.6 12.57 0.288 196
 198 6 -10.71 20.86 12.32 0.16 197
 199 6 -10.36 20.54 13.15 0.288 197
 200 6 -10.5 20.59 13.69 0.303 199
 201 6 -10.06 20.6 14.06 0.096 200
 202 6 -9.78 20.6 14.31 0.16 201
 203 6 -9.53 20.6 14.61 0.111 202
 204 6 -9.42 20.54 14.69 0.096 203
 205 6 -9.1 20.54 14.94 0.17 204
 206 6 -8.78 20.43 15.28 0.149 205
 207 6 -8.71 20.43 15.53 0.232 206
 208 6 -8.46 20.43 15.93 0.199 207
 209 6 -8.14 20.48 16.25 0.111 208
 210 6 -7.94 20.48 16.43 0.149 209
 211 6 -7.88 20.54 16.56 0.111 210
 212 6 -7.69 20.68 16.81 0.149 211
 213 6 -7.38 21 17.19 0.149 212
 214 6 -7.19 21.18 17.31 0.194 213
 215 6 -7.32 21.43 17.52 0.16 214
 216 6 -7.32 21.69 17.59 0.032 215
 217 6 -6.61 21.31 17.59 0.16 214
 218 6 -6.21 21.43 17.85 0.16 217
 219 6 -5.84 21.69 18.1 0.149 218
 220 6 -5.32 21.84 18.17 0.224 219
 221 6 -4.82 22.15 18.1 0.17 220
 222 6 -4.3 22.47 18.1 0.224 221
 223 6 -4.15 22.98 18.1 0.224 222
 224 6 -4.11 23.61 18.1 0.16 223
 225 6 -3.97 24.17 18.02 0.282 224
 226 6 -3.97 24.52 18.1 0.17 225
 227 6 -4.3 24.9 18.17 0.16 226
 228 6 -4.48 24.9 18.27 0.199 227
 229 6 -4.82 25.65 18.42 0.309 228
 230 6 -4.63 25.93 18.17 0.111 229
 231 6 -4.48 26.04 18.1 0.096 230
 232 6 -4.42 26.11 18.17 0.032 231
 233 6 -4.42 26.18 18.22 0.032 232
 234 6 -5.01 26 18.6 0.16 229
 235 6 -5.13 26.18 18.79 0.17 234
 236 6 -5.44 26.62 19.31 0.357 235
 237 6 -5.65 27.39 19.62 0.232 236
 238 6 -5.84 27.92 19.82 0.199 237
 239 6 -5.96 28.54 19.94 0.199 238
 240 6 -6.15 29.11 20.07 0.16 239
 241 6 -6.21 29.52 20.14 0.17 240
 242 6 -6.4 29.94 20.27 0.17 241
 243 6 -6.46 30.4 20.39 0.16 242
 244 6 -6.55 30.72 20.45 0.16 243
 245 6 -6.67 31.18 20.6 0.16 244
 246 6 -6.8 31.61 20.65 0.149 245
 247 6 -6.86 31.87 20.7 0.149 246
 248 6 -6.92 32.08 20.7 0.096 247
 249 6 -6.98 32.18 20.77 0.149 248
 250 6 -7.11 32.7 20.92 0.16 249
 251 6 -7.17 33.16 20.97 0.16 250
 252 6 -7.42 33.61 21.02 0.16 251
 253 6 -7.51 34 21.02 0.16 252
 254 6 -7.69 34.31 21.1 0.16 253
 255 6 -7.82 34.7 21.17 0.16 254
 256 6 -7.94 35.02 21.23 0.224 255
 257 6 -8.01 35.27 21.28 0.17 256
 258 6 -8.14 35.79 21.28 0.224 257
 259 6 -8.14 36.29 21.28 0.17 258
 260 6 -8.26 36.43 21.43 0.16 259
 261 6 -8.26 36.81 21.43 0.16 260
 262 6 -8.14 36.93 21.48 0.17 261
 263 6 -8.14 37.25 21.48 0.224 262
 264 6 -8.06 37.7 21.54 0.16 263
 265 6 -8.06 38.15 21.68 0.17 264
 266 6 -8.06 38.65 21.79 0.232 265
 267 6 -8.14 39.18 21.86 0.254 266
 268 6 -8.19 39.75 22.11 0.16 267
 269 6 -8.26 40.31 22.18 0.224 268
 270 6 -8.46 41.04 22.31 0.416 269
 271 6 -8.71 41.61 22.77 0.199 270
 272 6 -8.9 42.06 23.09 0.149 271
 273 6 -9.1 42.38 23.15 0.149 272
 274 6 -9.46 42.72 23.39 0.22 273
 275 6 -9.78 42.38 23.4 0.224 274
 276 6 -9.86 42.18 23.2 0.059 275
 277 6 -9.86 42.13 23.15 0.032 276
 278 6 -9.86 42.06 23.15 0.032 277
 279 6 -9.61 43.13 23.47 0.224 274
 280 6 -9.67 43.59 23.59 0.191 279
 281 6 -10 43.65 23.6 0.149 280
 282 6 -10.11 43.79 23.67 0.111 281
 283 6 -9.67 43.97 23.67 0.285 280
 284 6 -9.92 44.22 23.67 0.17 283
 285 6 -10.4 44.88 23.9 0.517 284
 286 6 -10.36 44.61 24.5 0.111 285
 287 6 -10.36 44.43 24.61 0.032 286
 288 6 -10.82 46.09 24.1 0.16 285
 289 6 -10.96 46.54 24.18 0.199 288
 290 6 -10.96 46.86 24.18 0.288 289
 291 6 -11.07 47.56 24.29 0.224 290
 292 6 -11.32 48 24.29 0.16 291
 293 6 -11.32 48.2 24.29 0.096 292
 294 6 -11.4 48.38 24.35 0.16 293
 295 6 -11.53 48.84 24.35 0.17 294
 296 6 -11.57 49.09 24.35 0.254 295
 297 6 -11.71 49.61 24.56 0.199 296
 298 6 -11.85 50.38 24.68 0.232 297
 299 6 -12.23 50.88 24.68 0.224 298
 300 6 -12.28 51.38 24.68 0.288 299
 301 6 -12.36 51.79 24.87 0.421 300
 302 6 -12.36 52.68 25.07 0.288 301
 303 6 -12.36 53.25 25.07 0.313 302
 304 6 -12.42 53.63 25.44 0.096 303
 305 6 -10.75 20.6 14.06 0.111 200
 306 6 -10.96 20.6 14.31 0.096 305
 307 6 -11.02 20.54 14.36 0.059 306
 308 6 -11.21 20.43 14.57 0.149 307
 309 6 -11.27 20.28 14.82 0.199 308
 310 6 -10.96 20.23 15.02 0.111 309
 311 6 -11.4 20.28 15.15 0.096 309
 312 6 -11.4 20.28 15.4 0.096 311
 313 6 -11.4 20.28 15.72 0.111 312
 314 6 -11.53 20.43 16.1 0.232 313
 315 6 -11.71 20.35 16.56 0.288 314
 316 6 -12.03 20.28 16.87 0.149 315
 317 6 -12.28 20.28 17.07 0.111 316
 318 6 -12.42 20.23 17.12 0.149 317
 319 6 -12.75 20.23 17.27 0.096 318
 320 6 -13 20.23 17.32 0.096 319
 321 6 -13.11 20.23 17.44 0.149 320
 322 6 -13.32 20.28 17.44 0.111 321
 323 6 -13.71 20.03 17.64 0.199 322
 324 6 -14.15 19.97 17.64 0.096 323
 325 6 -14.32 19.92 17.7 0.111 324
 326 6 -14.53 19.77 17.77 0.096 325
 327 6 -14.78 19.77 17.77 0.096 326
 328 6 -15.03 19.77 17.9 0.096 327
 329 6 -15.31 19.77 17.95 0.149 328
 330 6 -15.42 19.72 18.02 0.096 329
 331 6 -15.75 19.52 18.1 0.111 330
 332 6 -16.07 19.45 18.1 0.199 331
 333 6 -16.32 19.4 18.02 0.224 332
 334 6 -16.7 19.09 18.1 0.149 333
 335 6 -16.85 18.94 18.1 0.096 334
 336 6 -17.1 18.68 18.02 0.096 335
 337 6 -17.35 18.51 17.9 0.149 336
 338 6 -17.75 18.51 17.9 0.149 337
 339 6 -18 18.51 17.9 0.224 338
 340 6 -18.31 18.43 18.02 0.232 339
 341 6 -18.69 18.43 18.35 0.149 340
 342 6 -18.89 18.68 18.6 0.111 341
 343 6 -19.09 18.94 18.73 0.111 342
 344 6 -19.2 19.09 18.85 0.111 343
 345 6 -19.35 19.09 19 0.096 344
 346 6 -19.7 18.87 19.36 0.288 345
 347 6 -19.4 18.51 19.43 0.096 346
 348 6 -20.02 19.01 19.53 0.23 346
 349 6 -19.7 18.94 20.07 0.096 348
 350 6 -20.54 19.34 19.87 0.111 348
 351 6 -20.75 19.4 20.14 0.149 350
 352 6 -20.86 19.27 20.34 0.224 351
 353 6 -21.19 19.19 20.65 0.224 352
 354 6 -21.64 19.19 20.65 0.149 353
 355 6 -21.84 19.14 20.52 0.16 354
 356 6 -22.27 19.34 20.19 0.232 355
 357 6 -22.6 19.4 20.07 0.224 356
 358 6 -22.73 19.4 19.87 0.149 357
 359 6 -23.04 19.52 19.94 0.232 358
 360 6 -22.78 19.65 20.34 0.096 359
 361 6 -23.36 19.6 19.87 0.254 359
 362 6 -23.61 19.6 19.68 0.16 361
 363 6 -24.02 19.6 19.43 0.149 362
 364 6 -24.39 19.6 19.25 0.149 363
 365 6 -24.85 19.72 19.11 0.111 364
 366 6 -25.1 19.72 19.04 0.096 365
 367 6 -25.35 19.72 19 0.096 366
 368 6 -25.53 19.85 18.93 0.111 367
 369 6 -25.79 19.85 18.85 0.096 368
 370 6 -26.11 19.97 18.79 0.149 369
 371 6 -26.52 19.97 18.73 0.149 370
 372 6 -26.89 19.97 18.73 0.224 371
 373 6 -27.26 20.03 18.73 0.278 372
 374 6 -27.2 19.65 18.35 0.17 373
 375 6 -27.7 20.17 18.73 0.149 373
 376 6 -28.03 20.35 18.68 0.096 375
 377 6 -28.18 20.43 18.68 0.096 376
 378 6 -28.29 20.54 18.53 0.16 377
 379 6 -28.61 20.75 18.35 0.149 378
 380 6 -28.94 20.86 18.22 0.111 379
 381 6 -29.12 21 18.17 0.096 380
 382 6 -29.44 21.06 18.17 0.149 381
 383 6 -29.69 21.11 18.22 0.111 382
 384 6 -29.95 21.26 18.27 0.096 383
 385 6 -30.2 21.31 18.27 0.096 384
 386 6 -30.45 21.43 18.27 0.096 385
 387 6 -30.73 21.52 18.27 0.111 386
 388 6 -31.04 21.62 18.42 0.149 387
 389 6 -31.31 21.69 18.42 0.149 388
 390 6 -31.44 21.84 18.42 0.096 389
 391 6 -31.69 22.02 18.42 0.096 390
 392 6 -31.87 22.09 18.42 0.149 391
 393 6 -32.27 22.35 18.27 0.16 392
 394 6 -32.65 22.67 18.27 0.17 393
 395 6 -32.9 22.93 18.27 0.149 394
 396 6 -33.09 23.03 18.17 0.111 395
 397 6 -33.41 23.18 18.02 0.16 396
 398 6 -33.66 23.25 17.77 0.17 397
 399 6 -33.99 23.35 17.64 0.16 398
 400 6 -34.29 23.56 17.52 0.149 399
 401 6 -34.58 23.76 17.44 0.149 400
 402 6 -34.83 23.93 17.39 0.149 401
 403 6 -35.08 24.19 17.39 0.149 402
 404 6 -35.4 24.44 17.39 0.149 403
 405 6 -35.66 24.64 17.39 0.16 404
 406 6 -35.99 24.9 17.44 0.199 405
 407 6 -36.43 25.27 17.44 0.16 406
 408 6 -36.54 25.48 17.39 0.096 407
 409 6 -36.74 25.73 17.39 0.096 408
 410 6 -36.86 26 17.39 0.096 409
 411 6 -37.08 26.31 17.39 0.16 410
 412 6 -37.25 26.62 17.44 0.16 411
 413 6 -37.38 27.02 17.52 0.16 412
 414 6 -37.58 27.39 17.52 0.16 413
 415 6 -37.7 27.65 17.59 0.149 414
 416 6 -37.83 27.77 17.64 0.096 415
 417 6 -37.95 27.97 17.64 0.111 416
 418 6 -38.15 28.17 17.7 0.111 417
 419 6 -38.34 28.35 17.77 0.111 418
 420 6 -38.59 28.6 17.85 0.096 419
 421 6 -38.74 28.75 17.9 0.096 420
 422 6 -38.99 28.93 17.95 0.111 421
 423 6 -39.18 29.11 18.02 0.111 422
 424 6 -39.43 29.37 18.1 0.111 423
 425 6 -39.68 29.62 18.17 0.096 424
 426 6 -39.95 29.77 18.17 0.096 425
 427 6 -40.2 29.89 18.17 0.111 426
 428 6 -40.52 30.15 18.22 0.111 427
 429 6 -40.84 30.47 18.22 0.199 428
 430 6 -41.02 30.72 18.42 0.149 429
 431 6 -41.29 30.93 18.48 0.16 430
 432 6 -41.66 31.18 18.68 0.224 431
 433 6 -42.25 31.56 18.85 0.254 432
 434 6 -42.58 31.81 19 0.288 433
 435 6 -42.95 32.11 19.31 0.17 434
 436 6 -43.08 32.27 19.43 0.096 435
 437 6 -43.27 32.52 19.56 0.149 436
 438 6 -43.4 32.65 19.62 0.16 437
 439 6 -43.45 32.84 19.62 0.096 438
 440 6 -43.52 32.95 19.62 0.096 439
 441 6 -43.59 33.16 19.62 0.149 440
 442 6 -43.77 33.36 19.62 0.16 441
 443 6 -43.91 33.47 19.56 0.111 442
 444 6 -44.09 33.68 19.56 0.096 443
 445 6 -44.29 33.86 19.62 0.096 444
 446 6 -44.49 34.13 19.68 0.096 445
 447 6 -44.61 34.25 19.82 0.096 446
 448 6 -44.74 34.38 19.87 0.096 447
 449 6 -44.79 34.63 19.87 0.096 448
 450 6 -44.93 34.81 19.94 0.096 449
 451 6 -45.04 35.06 20.02 0.111 450
 452 6 -45.18 35.27 20.07 0.149 451
 453 6 -45.38 35.47 20.07 0.096 452
 454 6 -45.5 35.65 20.07 0.16 453
 455 6 -45.77 35.97 20.02 0.096 454
 456 6 -46.02 36.22 20.02 0.096 455
 457 6 -46.02 36.36 20.02 0.096 456
 458 6 -46.27 36.61 20.02 0.111 457
 459 6 -46.54 36.93 19.94 0.16 458
 460 6 -46.79 37.31 19.76 0.149 459
 461 6 -46.99 37.56 19.43 0.199 460
 462 6 -47.11 37.84 19.18 0.224 461
 463 6 -47.43 38.02 18.85 0.111 462
 464 6 -47.54 38.15 18.6 0.111 463
 465 6 -47.54 38.27 18.42 0.199 464
 466 6 -47.68 38.65 17.95 0.254 465
 467 6 -47.75 38.86 17.64 0.33 466
 468 6 -47.63 39.11 17.07 0.149 467
 469 6 -47.68 39.43 16.76 0.111 468
 470 6 -47.68 39.56 16.5 0.096 469
 471 6 -47.68 39.56 16.29 0.149 470
 472 6 -47.68 39.63 16.03 0.16 471
 473 6 -47.63 39.68 15.72 0.111 472
 474 6 -47.75 39.75 15.32 0.16 473
 475 6 -47.75 39.75 14.94 0.16 474
 476 6 -47.75 39.75 14.57 0.224 475
 477 6 -47.75 39.68 14.11 0.149 476
 478 6 -47.75 39.63 13.93 0.111 477
 479 6 -47.75 39.63 13.65 0.149 478
 480 6 -47.68 39.56 13.4 0.111 479
 481 6 -47.63 39.43 13.15 0.199 480
 482 6 -47.58 39.27 12.9 0.188 481
 483 6 -47.24 39.04 13.03 0.16 482
 484 6 -47.11 38.86 13.15 0.111 483
 485 6 -47.75 39.11 12.52 0.149 482
 486 6 -47.83 38.86 12.07 0.199 485
 487 6 -47.83 38.65 11.69 0.149 486
 488 6 -47.83 38.54 11.56 0.111 487
 489 6 -47.83 38.4 11.03 0.149 488
 490 6 -47.88 38.27 10.78 0.111 489
 491 6 -47.88 38.15 10.65 0.059 490
 492 6 -47.88 38.15 10.53 0.096 491
 493 6 -47.95 37.95 10.22 0.149 492
 494 6 -48 37.77 9.9 0.111 493
 495 6 -48.08 37.56 9.64 0.096 494
 496 6 -48.18 37.36 9.48 0.138 495
 497 6 -48.45 37.56 9.57 0.096 496
 498 6 -48 36.75 9.11 0.17 496
 499 6 -47.83 36.29 8.94 0.24 498
 500 6 -47.75 35.97 8.81 0.294 499
 501 6 -47.75 35.34 8.56 0.149 500
 502 6 -47.88 35.06 8.43 0.096 501
 503 6 -48 34.81 8.25 0.096 502
 504 6 -48.08 34.7 8.15 0.149 503
 505 6 -48.27 34.38 8.03 0.111 504
 506 6 -48.4 34.25 7.9 0.111 505
 507 6 -48.65 34.45 7.73 0.149 506
 508 6 -48.77 34.7 7.73 0.111 507
 509 6 -48.91 34.81 7.73 0.16 508
 510 6 -49.09 35.27 7.9 0.199 509
 511 6 -49.24 35.52 8.03 0.224 510
 512 6 -49.41 35.9 8.15 0.149 511
 513 6 -49.49 36.04 8.25 0.096 512
 514 6 -49.49 36.22 8.25 0.111 513
 515 6 -49.61 36.56 8.5 0.149 514
 516 6 -49.61 36.81 8.75 0.149 515
 517 6 -49.41 37 8.94 0.149 516
 518 6 -49.41 37.38 9.11 0.149 517
 519 6 -49.41 37.56 9.32 0.111 518
 520 6 -49.41 37.84 9.5 0.111 519
 521 6 -49.41 38.09 9.69 0.111 520
 522 6 -49.61 38.34 9.9 0.149 521
 523 6 -49.74 38.65 10.15 0.149 522
 524 6 -49.79 38.86 10.35 0.111 523
 525 6 -49.93 38.97 10.4 0.149 524
 526 6 -49.99 39.25 10.65 0.111 525
 527 6 -50.04 39.43 11 0.111 526
 528 6 -50.18 39.68 11.25 0.149 527
 529 6 -50.43 40 11.5 0.149 528
 530 6 -50.5 40.31 11.82 0.232 529
 531 6 -50.58 40.77 12.36 0.251 530
 532 6 -50.9 40.77 11.86 0.149 531
 533 6 -50.7 41.22 12.97 0.149 531
 534 6 -50.75 41.36 13.23 0.111 533
 535 6 -50.9 41.47 13.48 0.149 534
 536 6 -51.02 41.61 13.65 0.111 535
 537 6 -51.2 41.81 14 0.111 536
 538 6 -51.34 41.93 14.11 0.096 537
 539 6 -51.52 42.06 14.31 0.111 538
 540 6 -51.66 42.06 14.44 0.096 539
 541 6 -51.77 42.06 14.57 0.16 540
 542 6 -52.09 42.06 14.89 0.224 541
 543 6 -52.16 42 15.15 0.096 542
 544 6 -52.16 42 15.28 0.096 543
 545 6 -52.09 42.06 15.47 0.16 544
 546 6 -52.29 42.06 15.77 0.149 545
 547 6 -52.41 42 16.18 0.16 546
 548 6 -52.61 41.93 16.35 0.149 547
 549 6 -52.79 41.86 16.56 0.224 548
 550 6 -53 41.81 16.76 0.199 549
 551 6 -52.79 41.4 16.81 0.16 550
 552 6 -52.79 41.22 16.81 0.111 551
 553 6 -53.33 41.81 17.07 0.111 550
 554 6 -53.5 41.72 17.32 0.096 553
 555 6 -53.83 41.72 17.44 0.149 554
 556 6 -54.25 41.56 17.65 0.175 555
 557 6 -54.47 41.81 17.52 0.059 556
 558 6 -54.54 41.86 17.52 0.032 557
 559 6 -54.41 41.4 17.7 0.199 556
 560 6 -54.59 41.22 17.77 0.111 559
 561 6 -54.74 41.09 17.9 0.096 560
 562 6 -54.86 40.97 17.95 0.096 561
 563 6 -55.04 40.77 18.17 0.224 562
 564 6 -55.24 40.59 18.35 0.224 563
 565 6 -55.68 40.27 18.35 0.16 564
 566 6 -56 40.13 18.22 0.111 565
 567 6 -56.15 40.13 18.1 0.16 566
 568 6 -56.4 40.06 17.9 0.149 567
 569 6 -56.52 40.06 17.77 0.096 568
 570 6 -56.77 40.13 17.7 0.096 569
 571 6 -56.91 40.13 17.64 0.096 570
 572 6 -57.16 40.13 17.64 0.16 571
 573 6 -57.65 39.81 17.52 0.283 572
 574 6 -57.75 40.06 17.56 0.251 573
 575 6 -57.34 40.38 17.59 0.096 574
 576 6 -57.86 40.59 17.59 0.199 574
 577 6 -58.04 40.77 17.52 0.096 576
 578 6 -57.93 39.5 17.44 0.199 573
 579 6 -57.99 38.97 17.12 0.17 578
 580 6 -58.18 38.59 16.87 0.199 579
 581 6 -58.29 38.47 16.35 0.111 580
 582 6 -58.38 38.59 16.1 0.111 581
 583 6 -58.38 38.86 15.85 0.149 582
 584 6 -58.38 39.31 15.53 0.199 583
 585 6 -58.38 39.56 15.28 0.149 584
 586 6 -58.29 39.75 15.15 0.17 585
 587 6 -58.18 39.95 14.94 0.111 586
 588 6 -58.18 40.2 14.75 0.111 587
 589 6 -58.18 40.27 14.5 0.096 588
 590 6 -58.18 40.38 14.25 0.111 589
 591 6 -58.11 40.52 14.19 0.096 590
 592 6 -58.11 40.63 14.06 0.149 591
 593 6 -58.18 40.9 13.75 0.17 592
 594 6 -58.29 41.22 13.35 0.149 593
 595 6 -58.5 41.4 13.1 0.149 594
 596 6 -58.5 41.47 12.9 0.149 595
 597 6 -58.5 41.47 12.69 0.096 596
 598 6 -58.58 41.61 12.39 0.111 597
 599 6 -58.63 41.81 12.14 0.111 598
 600 6 -58.75 41.93 12 0.111 599
 601 6 -58.75 41.93 11.75 0.096 600
 602 6 -58.83 41.93 11.5 0.096 601
 603 6 -58.83 41.93 11.25 0.096 602
 604 6 -58.9 42.06 10.73 0.17 603
 605 6 -58.9 42 10.35 0.16 604
 606 6 -58.83 41.93 9.94 0.224 605
 607 6 -58.95 41.61 9.22 0.231 606
 608 6 -58.58 41.54 9.39 0.111 607
 609 6 -58.43 41.54 9.5 0.059 608
 610 6 -58.38 41.47 9.5 0.032 609
 611 6 -59.15 41.15 8.94 0.111 607
 612 6 -59.2 40.97 8.81 0.111 611
 613 6 -59.2 40.63 8.61 0.111 612
 614 6 -59.08 40.31 8.43 0.149 613
 615 6 -59.08 40.13 8.25 0.111 614
 616 6 -59.08 40 8.11 0.111 615
 617 6 -59.15 39.88 8.03 0.059 616
 618 6 -59.15 39.81 7.98 0.059 617
 619 6 -59.15 39.56 7.78 0.149 618
 620 6 -59.66 39.36 7.48 0.228 619
 621 6 -59.52 38.97 7.48 0.149 620
 622 6 -59.99 39.25 7.4 0.17 620
 623 6 -59.77 38.97 7.4 0.149 622
 624 6 -60.16 39.25 7.28 0.096 622
 625 6 -60.41 39.25 7.15 0.096 624
 626 6 -60.54 39.25 7.15 0.096 625
 627 6 -60.68 39.31 7.15 0.059 626
 628 6 -60.79 39.31 7.15 0.096 627
 629 6 -61 39.43 7.21 0.096 628
 630 6 -61.13 39.43 7.21 0.096 629
 631 6 -61.38 39.68 7.34 0.149 630
 632 6 -61.58 39.95 7.4 0.149 631
 633 6 -61.7 40 7.48 0.096 632
 634 6 -61.83 40.13 7.53 0.096 633
 635 6 -62.02 40.2 7.53 0.096 634
 636 6 -62.27 40.27 7.53 0.096 635
 637 6 -62.54 40.52 7.53 0.096 636
 638 6 -62.79 40.77 7.53 0.096 637
 639 6 -62.86 40.84 7.61 0.032 638
 640 6 -62.79 41.04 7.73 0.032 639
 641 6 -62.86 41.09 7.73 0.032 640
 642 6 -62.91 41.15 7.73 0.032 641
 643 6 -62.99 41.22 7.73 0.032 642
 644 6 -63.04 41.29 7.78 0.059 643
 645 6 -63.18 41.4 7.78 0.096 644
 646 6 -63.24 41.54 7.9 0.059 645
 647 6 -63.24 41.61 7.98 0.059 646
 648 6 -63.29 41.68 8.03 0.059 647
 649 6 -63.43 41.81 8.03 0.096 648
 650 6 -63.5 41.86 8.11 0.032 649
 651 6 -63.54 41.86 8.15 0.032 650
 652 6 -63.54 42 8.25 0.032 651
 653 6 -63.63 42.06 8.25 0.032 652
 654 6 -63.68 42.13 8.25 0.059 653
 655 6 -63.75 42.18 8.25 0.032 654
 656 6 -63.88 42.31 8.28 0.096 655
 657 6 -64.15 42.38 8.28 0.096 656
 658 6 -64.33 42.56 8.36 0.149 657
 659 6 -64.83 42.7 8.5 0.16 658
 660 6 -65.16 42.63 8.43 0.111 659
 661 6 -65.41 42.5 8.36 0.149 660
 662 6 -65.8 42.5 8.15 0.16 661
 663 6 -66.19 42.5 8.15 0.111 662
 664 6 -66.58 42.56 8.15 0.149 663
 665 6 -66.94 42.7 8.15 0.111 664
 666 6 -67.19 42.77 8.11 0.096 665
 667 6 -67.33 42.77 8.11 0.059 666
 668 6 -67.44 42.77 8.03 0.096 667
 669 6 -67.66 42.88 8.11 0.111 668
 670 6 -67.8 42.88 8.11 0.113 669
 671 6 -68.16 43.02 8.11 0.149 670
 672 6 -68.48 43.06 8.11 0.111 671
 673 6 -68.73 43.13 8.11 0.111 672
 674 6 -69.01 43.2 8.15 0.111 673
 675 6 -69.33 43.34 8.15 0.111 674
 676 6 -69.58 43.34 8.15 0.149 675
 677 6 -69.91 43.47 8.15 0.111 676
 678 6 -70.16 43.52 8.15 0.096 677
 679 6 -70.41 43.52 8.11 0.096 678
 680 6 -70.58 43.52 8.11 0.096 679
 681 6 -70.87 43.52 8.03 0.096 680
 682 6 -71.19 43.59 7.98 0.096 681
 683 6 -71.44 43.59 7.9 0.096 682
 684 6 -71.55 43.59 7.9 0.096 683
 685 6 -71.69 43.72 7.9 0.111 684
 686 6 -71.83 43.72 7.78 0.111 685
 687 6 -72.08 43.79 7.78 0.111 686
 688 6 -72.44 43.84 7.86 0.16 687
 689 6 -72.98 43.72 7.9 0.149 688
 690 6 -73.33 43.65 7.78 0.149 689
 691 6 -73.73 43.59 7.61 0.096 690
 692 6 -74.05 43.52 7.48 0.096 691
 693 6 -74.19 43.52 7.48 0.096 692
 694 6 -74.26 43.59 7.4 0.096 693
 695 6 -74.51 43.59 7.4 0.096 694
 696 6 -74.69 43.59 7.4 0.149 695
 697 6 -75.01 43.47 7.34 0.111 696
 698 6 -75.26 43.27 7.28 0.111 697
 699 6 -75.44 43.02 7.03 0.149 698
 700 6 -75.83 42.63 6.71 0.288 699
 701 6 -76.05 42 6.57 0.224 700
 702 6 -76.08 41.81 6.44 0.149 701
 703 6 -76.41 41.47 6.19 0.149 702
 704 6 -76.55 41.4 5.98 0.149 703
 705 6 -76.69 41.4 5.88 0.096 704
 706 6 -76.94 41.47 5.73 0.096 705
 707 6 -77.05 41.61 5.73 0.096 706
 708 6 -77.12 41.68 5.8 0.059 707
 709 6 -77.26 41.81 5.8 0.111 708
 710 6 -77.44 41.86 5.8 0.111 709
 711 6 -77.69 41.86 5.61 0.149 710
 712 6 -77.87 41.7 5.46 0.19 711
 713 6 -78.08 41.47 5.23 0.24 712
 714 6 -78.08 41.09 4.98 0.199 713
 715 6 -78.01 40.45 4.78 0.16 714
 716 6 -78.01 40.06 4.73 0.16 715
 717 6 -77.91 39.63 4.65 0.16 716
 718 6 -77.94 39.36 4.59 0.111 717
 719 6 -77.94 39.25 4.59 0.111 718
 720 6 -77.94 38.65 4.53 0.288 719
 721 6 -78.01 38.09 4.53 0.232 720
 722 6 -78.16 37.38 4.78 0.288 721
 723 6 -78.16 36.93 5.05 0.111 722
 724 6 -78.16 36.61 5.11 0.096 723
 725 6 -78.16 36.29 5.17 0.096 724
 726 6 -78.16 36.04 5.36 0.096 725
 727 6 -78.16 35.79 5.42 0.096 726
 728 6 -78.16 35.52 5.42 0.096 727
 729 6 -78.23 35.34 5.48 0.149 728
 730 6 -78.23 35.13 5.55 0.096 729
 731 6 -78.23 34.77 5.67 0.199 730
 732 6 -78.23 34.18 5.98 0.254 731
 733 6 -78.16 33.61 6.26 0.288 732
 734 6 -78.08 32.95 6.57 0.17 733
 735 6 -78.01 32.59 6.76 0.149 734
 736 6 -78.08 32.18 7.03 0.149 735
 737 6 -78.08 31.93 7.09 0.111 736
 738 6 -78.16 31.76 7.15 0.111 737
 739 6 -78.26 30.98 7.48 0.33 738
 740 6 -78.73 30.78 7.73 0.16 739
 741 6 -79.05 30.85 7.86 0.149 740
 742 6 -79.23 30.93 7.78 0.096 741
 743 6 -79.44 31.1 7.73 0.096 742
 744 6 -79.69 31.35 7.67 0.096 743
 745 6 -79.76 31.43 7.61 0.059 744
 746 6 -79.87 31.56 7.48 0.111 745
 747 6 -80.01 31.61 7.4 0.149 746
 748 6 -80.15 31.76 7.34 0.096 747
 749 6 -80.15 31.87 7.34 0.096 748
 750 6 -80.26 32.08 7.21 0.16 749
 751 6 -80.4 32.43 7.09 0.111 750
 752 6 -80.4 32.65 6.96 0.111 751
 753 6 -80.4 32.9 6.84 0.16 752
 754 6 -80.51 33.4 6.63 0.288 753
 755 6 -80.58 33.68 6.51 0.17 754
 756 6 -80.66 34.06 6.38 0.16 755
 757 6 -80.66 34.38 6.32 0.149 756
 758 6 -80.69 34.88 6.13 0.224 757
 759 6 -80.83 35.2 5.94 0.285 758
 760 6 -80.58 35.84 5.67 0.111 759
 761 6 -80.51 36.11 5.48 0.111 760
 762 6 -80.62 36.31 5.07 0.278 761
 763 6 -80.69 36.68 4.98 0.16 762
 764 6 -80.91 37.13 4.92 0.16 763
 765 6 -80.98 37.63 4.92 0.199 764
 766 6 -81.23 38.15 4.84 0.232 765
 767 6 -81.3 38.4 4.78 0.254 766
 768 6 -81.44 38.7 4.71 0.151 767
 769 6 -81.62 38.97 4.65 0.16 768
 770 6 -81.62 39.18 4.65 0.096 769
 771 6 -81.62 39.43 4.65 0.096 770
 772 6 -81.62 39.68 4.65 0.096 771
 773 6 -81.66 39.81 4.59 0.149 772
 774 6 -81.73 40.06 4.59 0.096 773
 775 6 -81.73 40.31 4.59 0.096 774
 776 6 -81.8 40.59 4.59 0.096 775
 777 6 -81.8 40.84 4.65 0.111 776
 778 6 -81.94 41.09 4.73 0.096 777
 779 6 -81.94 41.36 4.78 0.096 778
 780 6 -81.94 41.61 4.98 0.111 779
 781 6 -81.94 41.93 5.11 0.111 780
 782 6 -81.87 42.25 5.17 0.111 781
 783 6 -81.87 42.38 5.23 0.111 782
 784 6 -81.8 42.5 5.36 0.17 783
 785 6 -81.87 42.88 5.42 0.16 784
 786 6 -81.98 43.06 5.48 0.096 785
 787 6 -82.05 43.34 5.61 0.111 786
 788 6 -82.19 43.59 5.73 0.149 787
 789 6 -82.37 43.84 5.88 0.111 788
 790 6 -82.65 44.06 6.01 0.173 789
 791 6 -82.94 44.36 6.26 0.232 790
 792 6 -83.33 44.88 6.44 0.24 791
 793 6 -83.33 45.2 6.71 0.313 792
 794 6 -83.44 45.7 6.96 0.149 793
 795 6 -83.58 46.15 7.21 0.149 794
 796 6 -83.58 46.27 7.34 0.111 795
 797 6 -83.51 46.54 7.73 0.149 796
 798 6 -83.44 46.79 8.28 0.232 797
 799 6 -83.58 47.11 8.75 0.111 798
 800 6 -83.66 47.31 9.07 0.149 799
 801 6 -83.66 47.43 9.25 0.149 800
 802 6 -83.73 47.56 9.44 0.096 801
 803 6 -83.73 47.63 9.69 0.096 802
 804 6 -83.76 47.68 10.07 0.16 803
 805 6 -83.91 47.75 10.35 0.224 804
 806 6 -84.16 48 10.78 0.149 805
 807 6 -84.37 48.2 11.11 0.111 806
 808 6 -84.37 48.31 11.31 0.096 807
 809 6 -84.37 48.45 11.56 0.096 808
 810 6 -84.37 48.45 11.82 0.096 809
 811 6 -84.37 48.52 12.07 0.096 810
 812 6 -84.41 48.59 12.32 0.096 811
 813 6 -84.41 48.59 12.57 0.096 812
 814 6 -84.41 48.59 12.69 0.096 813
 815 6 -84.48 48.63 12.82 0.149 814
 816 6 -84.48 48.63 13.03 0.096 815
 817 6 -84.48 48.77 13.28 0.149 816
 818 6 -84.48 48.84 13.75 0.16 817
 819 6 -84.48 48.97 14.11 0.17 818
 820 6 -84.48 48.9 14.75 0.288 819
 821 6 -84.8 48.72 15.32 0.254 820
 822 6 -84.8 48.38 15.77 0.232 821
 823 6 -84.94 48 16.25 0.199 822
 824 6 -85.01 47.68 16.43 0.111 823
 825 6 -85.01 47.43 16.68 0.149 824
 826 6 -85.01 47.25 16.76 0.16 825
 827 6 -84.94 47.11 16.87 0.111 826
 828 6 -84.87 46.97 16.93 0.149 827
 829 6 -84.87 46.65 17.07 0.096 828
 830 6 -84.73 46.4 17.19 0.096 829
 831 6 -84.69 46.15 17.27 0.111 830
 832 6 -84.62 46.02 17.27 0.111 831
 833 6 -84.62 45.7 17.52 0.17 832
 834 6 -84.62 45.52 17.64 0.199 833
 835 6 -84.55 45.31 17.77 0.111 834
 836 6 -84.55 45.06 17.95 0.111 835
 837 6 -84.55 44.93 18.1 0.111 836
 838 6 -84.55 44.75 18.27 0.199 837
 839 6 -84.55 44.36 18.48 0.111 838
 840 6 -84.55 44.11 18.6 0.111 839
 841 6 -84.48 43.84 18.85 0.111 840
 842 6 -84.37 43.59 19.22 0.287 841
 843 6 -84.3 43.4 19.35 0.368 842
 844 6 -84.08 43.06 19.36 0.313 843
 845 6 -83.98 42.77 19.31 0.16 844
 846 6 -83.91 42.31 19.31 0.149 845
 847 6 -83.83 41.93 19.31 0.096 846
 848 6 -83.83 41.81 19.31 0.096 847
 849 6 -83.83 41.61 19.31 0.16 848
 850 6 -83.76 41.36 19.36 0.149 849
 851 6 -83.83 41.09 19.43 0.096 850
 852 6 -83.83 40.84 19.51 0.096 851
 853 6 -83.83 40.59 19.56 0.111 852
 854 6 -84.16 40.31 19.82 0.149 853
 855 6 -84.44 40.4 20.02 0.226 854
 856 6 -84.8 40.77 20.07 0.199 855
 857 6 -85.01 40.97 20.02 0.111 856
 858 6 -85.19 41.22 20.02 0.096 857
 859 6 -85.37 41.54 20.02 0.111 858
 860 6 -85.51 41.68 20.07 0.096 859
 861 6 -85.58 41.81 20.14 0.149 860
 862 6 -85.69 41.93 20.19 0.149 861
 863 6 -85.91 42.13 20.27 0.254 862
 864 6 -86.26 42.13 20.52 0.24 863
 865 6 -86.33 41.93 20.92 0.421 864
 866 6 -86.66 42.06 21.28 0.16 865
 867 6 -86.8 42.18 21.28 0.096 866
 868 6 -86.23 41.4 20.7 0.17 865
 869 6 -86.01 41.86 20.39 0.16 863
 870 6 -86.08 41.68 20.45 0.16 869
 871 6 -85.94 41.54 20.45 0.096 870
 872 6 -85.94 41.4 20.45 0.059 871
 873 6 -85.91 41.36 20.45 0.032 872
 874 6 -84.87 40.06 20.39 0.288 855
 875 6 -85.37 40.06 20.45 0.096 874
 876 6 -85.51 40 20.52 0.149 875
 877 6 -84.69 43.27 19.68 0.224 843
 878 6 -84.48 43.97 19.56 0.199 842
 879 6 -84.48 44.36 19.62 0.096 878
 880 6 -82.9 44.04 5.8 0.111 790
 881 6 -82.94 43.97 5.55 0.149 880
 882 6 -83.01 43.84 5.3 0.24 881
 883 6 -83.19 43.79 5.11 0.224 882
 884 6 -83.26 43.65 4.84 0.096 883
 885 6 -81.8 38.54 4.4 0.149 768
 886 6 -81.87 38.4 4.34 0.059 885
 887 6 -81.94 38.34 4.34 0.032 886
 888 6 -81.98 38.27 4.34 0.059 887
 889 6 -82.12 38.22 4.34 0.059 888
 890 6 -82.19 38.22 4.34 0.032 889
 891 6 -80.58 35.79 4.78 0.059 762
 892 6 -80.58 35.72 4.78 0.032 891
 893 6 -81.01 35.02 5.42 0.16 759
 894 6 -81.23 35.27 5.11 0.096 893
 895 6 -81.33 35.52 5.05 0.096 894
 896 6 -81.41 35.59 4.98 0.032 895
 897 6 -81.48 35.65 4.98 0.032 896
 898 6 -81.48 35.72 4.98 0.032 897
 899 6 -77.94 30.72 7.86 0.16 739
 900 6 -78.16 41.86 5.36 0.199 712
 901 6 -77.91 42.18 5.67 0.111 711
 902 6 -77.91 42.5 5.67 0.096 901
 903 6 -77.94 42.56 5.73 0.096 902
 904 6 -67.76 42.88 7.9 0.059 670
 905 6 -67.76 42.77 7.78 0.059 904
 906 6 -67.76 42.7 7.73 0.032 905
 907 6 -67.76 42.63 7.73 0.032 906
 908 6 -63.5 42 8.25 0.032 652
 909 6 -62.91 40.84 7.61 0.032 639
 910 6 -0.15 -0.54 -0.76 0.096 2
 911 6 -0.11 0.23 -0.01 0.579 1
 912 6 -0.02 0.86 -0.44 0.224 911
 913 6 -0.28 1.12 -0.15 0.149 911
 914 6 -0.4 1.23 -0.2 0.032 913
 915 6 -0.4 1.23 -0.27 0.032 914
