# SWC to SWC conversion from L-Measure. Sridevi Polavaram: spolavar@gmu.edu
# Original fileName:C:\Users\Isabella\Desktop\postprocessing\Weiss_Manzini_Final\Source_Temp1//RP4_scaled.CNG.swc
#
# SWC to SWC conversion from L-Measure. Sridevi Polavaram: spolavar@gmu.edu

# Original fileName:C:\Users\Isabella\Desktop\postprocessing\Weiss_Manzini_Final\Source_Temp1//RP4_scaled.CNG.swc

#

# SWC to SWC conversion from L-Measure. Sridevi Polavaram: spolavar@gmu.edu


# Original fileName:C:\NMO_dev\data_proc\Weiss_Manzini_Final\Source_Temp1//RP4_scaled.CNG.swc


#


# SWC to SWC conversion from L-Measure. Sridevi Polavaram: spolavar@gmu.edu



# Original fileName:C:\NMO_dev\data_proc\Auto swc//RP4_scaled.swc_sorted.swc.swc.CNG.swc



#



# Original file C:\NMO_dev\data_proc\Temp_LMeasure\RP4_scaled.swc_sorted.swc.swc edited using StdSwc version 1.31 on 3/12/20.




# Irregularities and fixes documented in C:\NMO_dev\data_proc\Temp_LMeasure\RP4_scaled.swc_sorted.swc.swc.std.  See StdSwc1.31.doc for more information.




#




# SWC to SWC conversion from L-Measure. Sridevi Polavaram: spolavar@gmu.edu




# Original fileName:C:\NMO_dev\data_proc\Source_Temp1//RP4_scaled.swc_sorted.swc




#




 1 2 0 0 0 1.119 -1
 2 2 -0.86 0.08 -0.37 0.886 1
 3 2 -1.39 0.74 -0.96 0.816 2
 4 2 -1.95 1.25 -1.86 0.793 3
 5 2 -2.23 2.38 -1.94 0.816 4
 6 2 -2.56 3.33 -2.35 0.863 5
 7 2 -2.96 4.13 -2.88 0.909 6
 8 2 -3.33 5.05 -3.27 0.933 7
 9 2 -3.46 6.35 -3.3 0.933 8
 10 2 -3.7 7.27 -3.76 0.933 9
 11 2 -4.05 8.11 -4.3 0.956 10
 12 2 -4.37 8.94 -4.88 0.979 11
 13 2 -4.77 9.77 -5.38 1.002 12
 14 2 -5.11 10.63 -5.9 1.049 13
 15 2 -5.44 11.57 -6.27 1.072 14
 16 2 -5.67 12.72 -6.44 1.096 15
 17 2 -6.19 13.29 -7.21 1.096 16
 18 2 -6.4 14.47 -7.4 1.049 17
 19 2 -6.58 15.38 -7.78 0.979 18
 20 2 -6.32 16.29 -7.87 0.909 19
 21 2 -6.34 17.5 -7.95 0.886 20
 22 2 -6.84 18.02 -8.74 0.886 21
 23 2 -6.95 19.32 -8.78 0.933 22
 24 2 -6.93 20.82 -8.55 0.956 23
 25 2 -6.84 22.21 -8.43 0.933 24
 26 2 -6.68 23.17 -8.32 0.909 25
 27 2 -6.61 24.55 -8.18 0.863 26
 28 2 -6.69 26.03 -7.94 0.839 27
 29 2 -6.72 27.52 -7.75 0.839 28
 30 2 -6.7 29 -7.53 0.863 29
 31 2 -6.58 30.38 -7.37 0.886 30
 32 2 -6.42 31.28 -7.45 0.909 31
 33 2 -6.57 32.16 -7.83 0.956 32
 34 2 -6.59 33.57 -7.7 0.956 33
 35 2 -6.44 34.96 -7.58 0.933 34
 36 2 -6.25 35.94 -7.54 0.909 35
 37 2 -6.22 37.25 -7.49 0.839 36
 38 2 -6.52 38.16 -7.92 0.816 37
 39 2 -6.89 38.98 -8.45 0.839 38
 40 2 -7.27 39.86 -8.92 0.863 39
 41 2 -7.32 41.29 -8.78 0.933 40
 42 2 -7.54 42.63 -8.45 0.956 41
 43 2 -7.9 43.48 -8.27 0.933 42
 44 2 -8.43 44.24 -8.63 0.909 43
 45 2 -8.87 45.05 -9.1 0.839 44
 46 2 -9.39 45.74 -9.59 0.816 45
 47 2 -10.01 46.15 -9.93 0.839 46
 48 2 -10.44 47.18 -9.75 0.863 47
 49 2 -11.03 47.6 -10.1 0.909 48
 50 2 -11.57 48.27 -10.57 0.909 49
 51 2 -12.06 49.04 -11.11 0.886 50
 52 2 -12.51 49.86 -11.43 0.863 51
 53 2 -12.9 50.61 -11.36 0.839 52
 54 2 -13.34 51.4 -11.76 0.839 53
 55 2 -13.72 52.3 -12.17 0.816 54
 56 2 -13.91 53.52 -12.24 0.793 55
 57 2 -14.51 53.96 -13.18 0.769 56
 58 2 -14.91 54.78 -13.73 0.746 57
 59 2 -14.98 56.09 -13.73 0.723 58
 60 2 -15.38 57 -14.12 0.676 59
 61 2 -15.77 57.89 -14.55 0.653 60
 62 2 -15.89 59.21 -14.51 0.653 61
 63 2 -16.27 60.12 -14.93 0.723 62
 64 2 -16.66 60.95 -15.4 0.839 63
 65 2 -17.06 61.77 -15.92 0.933 64
 66 2 -17.44 62.68 -16.32 0.956 65
 67 2 -17.55 63.99 -16.33 0.909 66
 68 2 -17.94 64.81 -16.73 0.839 67
 69 2 -18.66 65.02 -17.23 0.746 68
 70 2 -19.07 65.84 -17.59 0.723 69
 71 2 -19.18 67.16 -17.57 0.699 70
 72 2 -19.51 68.14 -17.85 0.699 71
 73 2 -19.64 69.54 -17.69 0.723 72
 74 2 -19.86 70.82 -17.67 0.746 73
 75 2 -20.43 71.35 -18.47 0.839 74
 76 2 -20.76 72.44 -18.52 0.886 75
 77 2 -21.34 72.78 -18.9 0.956 76
 78 2 -21.85 73.48 -19.39 1.002 77
 79 2 -22.16 74.43 -19.78 1.002 78
 80 2 -22.31 75.73 -19.76 1.026 79
 81 2 -22.71 76.63 -20.14 1.002 80
 82 2 -23.14 77.46 -20.63 0.979 81
 83 2 -23.59 78.25 -21.02 0.933 82
 84 2 -24.01 78.97 -21 0.909 83
 85 2 -24.5 79.78 -21.31 0.886 84
 86 2 -24.97 80.59 -21.77 0.816 85
 87 2 -25.39 81.38 -22.18 0.769 86
 88 2 -25.94 82 -22.22 0.676 87
 89 2 -26.71 82.33 -22.89 0.629 88
 90 2 -27.19 82.97 -23.02 0.653 89
 91 2 -27.72 83.74 -23.32 0.676 90
 92 2 -28.23 84.46 -23.77 0.723 91
 93 2 -28.87 84.8 -24.12 0.746 92
 94 2 -29.09 86.08 -23.92 0.746 93
 95 2 -29.24 87.47 -23.74 0.723 94
 96 2 -29.59 88.46 -23.98 0.699 95
 97 2 -29.89 89.61 -23.96 0.676 96
 98 2 -30.56 89.87 -24.46 0.653 97
 99 2 -31.32 90.21 -25.24 0.653 98
 100 2 -31.63 91.29 -25.3 0.653 99
 101 2 -32.27 91.65 -25.7 0.653 100
 102 2 -32.77 92.43 -25.98 0.653 101
 103 2 -33.04 93.67 -25.79 0.676 102
 104 2 -33.48 94.52 -25.63 0.699 103
 105 2 -34.07 95.23 -25.78 0.699 104
 106 2 -34.57 95.91 -25.87 0.723 105
 107 2 -35.32 96.21 -26.49 0.723 106
 108 2 -35.84 96.93 -26.48 0.746 107
 109 2 -36.13 98.09 -26.42 0.816 108
 110 2 -36.79 98.52 -27.06 0.816 109
 111 2 -37.31 99.16 -27.18 0.816 110
 112 2 -37.78 100.02 -27.33 0.769 111
 113 2 -38.02 101.28 -27.18 0.699 112
 114 2 -38.43 102.13 -27.06 0.676 113
 115 2 -38.98 102.87 -27.36 0.629 114
 116 2 -39.51 103.61 -27.69 0.583 115
 117 2 -40.14 104.22 -27.47 0.559 116
 118 2 -40.83 104.61 -27.7 0.559 117
 119 2 -41.27 105.67 -27.38 0.583 118
 120 2 -41.71 106.55 -27.22 0.629 119
 121 2 -42.37 107.13 -27.46 0.606 120
 122 2 -43.04 107.48 -27.96 0.559 121
 123 2 -43.63 108.1 -28.19 0.513 122
 124 2 -44.09 108.97 -28.05 0.466 123
 125 2 -44.53 110.02 -27.69 0.513 124
 126 2 -45.21 110.43 -27.96 0.583 125
 127 2 -45.78 111.16 -27.66 0.653 126
 128 2 -46.32 112.12 -27.32 0.746 127
 129 2 -46.99 112.53 -27.49 0.793 128
 130 2 -47.62 113.23 -27.24 0.793 129
 131 2 -48.17 114.16 -26.95 0.793 130
 132 2 -48.81 114.61 -27.12 0.769 131
 133 2 -49.55 115.19 -26.85 0.723 132
 134 2 -50.1 116 -26.38 0.676 133
 135 2 -50.58 117 -26.11 0.653 134
 136 2 -51.27 117.4 -26.32 0.629 135
 137 2 -51.85 118.13 -26.05 0.629 136
 138 2 -52.37 119.08 -25.67 0.653 137
 139 2 -53.04 119.51 -25.89 0.629 138
 140 2 -53.69 120.16 -25.74 0.583 139
 141 2 -54.27 120.83 -25.91 0.536 140
 142 2 -54.94 121.44 -25.72 0.513 141
 143 2 -55.63 121.84 -25.93 0.559 142
 144 2 -56.13 122.81 -25.65 0.653 143
 145 2 -56.6 123.7 -25.24 0.746 144
 146 2 -57.22 124.42 -24.98 0.816 145
 147 2 -57.84 125.01 -25.15 0.816 146
 148 2 -58.45 125.73 -24.83 0.793 147
 149 2 -59.23 126.22 -24.45 0.793 148
 150 2 -60.06 126.52 -24.55 0.793 149
 151 2 -60.88 126.93 -24.34 0.839 150
 152 2 -61.66 127.33 -24.43 0.886 151
 153 2 -62.36 127.9 -24.3 0.886 152
 154 2 -62.95 128.51 -24.46 0.886 153
 155 2 -63.63 129.12 -24.31 0.839 154
 156 2 -64.36 129.49 -24.61 0.816 155
 157 2 -65.01 130 -24.82 0.863 156
 158 2 -65.63 130.72 -24.56 0.933 157
 159 2 -66.32 131.38 -24.15 1.026 158
 160 2 -66.91 132.16 -23.76 1.492 159
 161 2 -67.9 132.33 -24.03 1.142 160
 162 2 -68.68 132.78 -23.79 1.002 161
 163 2 -69.58 132.94 -23.93 0.863 162
 164 2 -70.19 133.41 -24.25 0.793 163
 165 2 -70.82 134.11 -24.08 0.769 164
 166 2 -71.79 134.21 -24.23 0.723 165
 167 2 -72.7 134.41 -24.51 0.699 166
 168 2 -73.43 134.96 -24.12 0.723 167
 169 2 -74.23 135.42 -23.77 0.746 168
 170 2 -75.07 135.74 -23.9 0.816 169
 171 2 -75.88 136.17 -23.51 0.909 170
 172 2 -76.57 136.61 -22.97 0.933 171
 173 2 -76.92 136.82 -22.2 0.979 172
 174 2 -77.6 137.26 -21.63 1.002 173
 175 2 -78.38 137.72 -21.25 1.002 174
 176 2 -79.22 138.07 -21.32 1.026 175
 177 2 -80.03 138.46 -21.23 0.979 176
 178 2 -80.71 138.73 -22.07 0.909 177
 179 2 -81.53 139.1 -21.85 0.816 178
 180 2 -82.56 139.48 -21.25 0.746 179
 181 2 -83.33 140.02 -20.76 0.769 180
 182 2 -84.05 140.59 -20.27 0.816 181
 183 2 -84.82 141.09 -19.89 0.886 182
 184 2 -85.64 141.42 -20.04 0.909 183
 185 2 -86.42 141.93 -19.7 0.863 184
 186 2 -87.14 142.55 -19.23 0.839 185
 187 2 -87.91 143.05 -18.84 0.839 186
 188 2 -88.76 143.35 -19.03 0.886 187
 189 2 -89.38 143.86 -18.58 0.979 188
 190 2 -89.46 144.3 -17.88 1.049 189
 191 2 -90.05 144.92 -17.34 1.072 190
 192 2 -90.83 145.46 -17 1.049 191
 193 2 -91.64 145.77 -17.15 0.979 192
 194 2 -92.42 146.28 -16.8 0.909 193
 195 2 -93.12 146.92 -16.32 0.886 194
 196 2 -93.8 147.61 -15.86 0.909 195
 197 2 -94.44 148.32 -15.41 0.933 196
 198 2 -95.11 149.01 -14.97 0.933 197
 199 2 -95.82 149.64 -14.51 0.909 198
 200 2 -96.58 150.23 -14.07 0.863 199
 201 2 -97.31 150.66 -13.54 0.886 200
 202 2 -97.58 150.95 -12.79 0.933 201
 203 2 -98.22 151.46 -12.23 0.956 202
 204 2 -98.86 152.11 -11.72 0.979 203
 205 2 -99.56 152.74 -11.27 0.956 204
 206 2 -100.09 153.52 -10.88 0.956 205
 207 2 -100.57 154.65 -10.43 0.979 206
 208 2 -100.9 155.56 -10.15 0.979 207
 209 2 -100.89 156.81 -9.93 0.956 208
 210 2 -100.6 157.77 -9.97 0.909 209
 211 2 -99.96 158.58 -10.18 0.886 210
 212 2 -99.25 159.37 -10.48 0.886 211
 213 2 -98.5 159.99 -10.66 0.933 212
 214 2 -97.71 160.31 -10.41 0.956 213
 215 2 -96.99 160.97 -10.58 0.956 214
 216 2 -96.34 161.78 -10.82 0.979 215
 217 2 -95.71 162.59 -11.05 0.979 216
 218 2 -95.07 163.41 -11.27 1.026 217
 219 2 -94.35 164.06 -11.42 1.072 218
 220 2 -93.51 164.32 -11.09 1.119 219
 221 2 -92.67 164.55 -10.73 1.166 220
 222 2 -91.95 165.2 -10.84 1.189 221
 223 2 -91.35 165.97 -10.89 1.212 222
 224 2 -90.75 166.37 -10.45 1.189 223
 225 2 -90.01 166.67 -10.03 1.166 224
 226 2 -89.37 167.34 -10 1.119 225
 227 2 -88.78 167.76 -9.58 1.026 226
 228 2 -87.99 167.99 -9.12 0.956 227
 229 2 -87.12 168.22 -8.8 0.886 228
 230 2 -86.46 168.97 -8.94 0.839 229
 231 2 -85.81 169.81 -9.2 0.863 230
 232 2 -85.08 170.31 -9.16 0.863 231
 233 2 -84.32 170.29 -8.44 0.839 232
 234 2 -83.28 170.68 -8.65 0.839 233
 235 2 -82.42 171.18 -8.91 0.839 234
 236 2 -81.54 171.41 -8.68 0.909 235
 237 2 -81.02 172.24 -8.74 1.002 236
 238 2 -80.86 173.51 -8.68 1.049 237
 239 2 -80.32 174.4 -8.78 1.072 238
 240 2 -79.68 175.22 -9.04 1.026 239
 241 2 -79.13 176.05 -9.09 0.956 240
 242 2 -78.47 176.47 -8.63 0.886 241
 243 2 -77.75 176.73 -8.2 0.769 242
 244 2 -77.14 177.51 -8.33 0.629 243
 245 2 -76.77 178.59 -8.36 0.373 244
 246 2 -76.55 179.03 -8.56 0.373 245
 247 2 -76.63 179.79 -9.03 0.373 246
 248 2 -76.36 180.75 -9.09 0.396 247
 249 2 -76.05 182.01 -9.1 0.443 248
 250 2 -75.76 183.04 -9.04 0.49 249
 251 2 -75.5 184.31 -9.05 0.559 250
 252 2 -75.23 185.33 -9 0.606 251
 253 2 -74.97 186.62 -8.98 0.606 252
 254 2 -74.72 187.61 -8.93 0.629 253
 255 2 -74.66 188.97 -8.76 0.629 254
 256 2 -74.72 190.46 -8.51 0.606 255
 257 2 -74.9 191.81 -8.22 0.629 256
 258 2 -75.27 192.71 -7.95 0.653 257
 259 2 -75.61 193.93 -7.5 0.676 258
 260 2 -76.12 194.67 -7.47 0.746 259
 261 2 -76.82 194.99 -8.34 0.793 260
 262 2 -77.42 195.54 -8.96 0.816 261
 263 2 -78.03 195.92 -9.37 0.839 262
 264 2 -78.42 197.02 -9.19 0.816 263
 265 2 -78.9 197.82 -9.49 0.793 264
 266 2 -79.6 198.06 -10.09 0.746 265
 267 2 -80.41 198.23 -11.2 0.699 266
 268 2 -81.2 198.35 -12.34 0.699 267
 269 2 -81.94 198.65 -12.89 0.676 268
 270 2 -82.58 199.14 -13.18 0.653 269
 271 2 -83.16 199.96 -12.75 0.629 270
 272 2 -83.88 200.49 -12.5 0.583 271
 273 2 -84.67 200.83 -12.84 0.583 272
 274 2 -85.34 201.19 -13.28 0.629 273
 275 2 -86.19 201.45 -13.66 0.676 274
 276 2 -87.09 201.68 -13.89 0.723 275
 277 2 -87.85 202.16 -13.58 0.746 276
 278 2 -88.55 202.74 -13.38 0.746 277
 279 2 -89.29 202.96 -14.13 0.746 278
 280 2 -89.96 203.58 -13.95 0.723 279
 281 2 -90.57 204.31 -13.65 0.676 280
 282 2 -91.16 204.94 -13.85 0.606 281
 283 2 -91.77 205.66 -13.48 0.513 282
 284 2 -92.53 206.22 -13.14 0.466 283
 285 2 -93.26 206.59 -13.4 0.443 284
 286 2 -93.69 207.63 -13.08 0.466 285
 287 2 -94.05 208.48 -12.64 0.513 286
 288 2 -93.93 209.06 -11.87 0.536 287
 289 2 -93.77 209.67 -11.1 0.583 288
 290 2 -94.29 210.38 -10.66 0.629 289
 291 2 -94.85 211.13 -10.4 0.676 290
 292 2 -95.47 211.79 -10.58 0.699 291
 293 2 -96.03 212.52 -10.32 0.699 292
 294 2 -96.6 213.3 -9.93 0.653 293
 295 2 -96.85 214.61 -9.52 0.629 294
 296 2 -97.06 215.95 -9.2 0.676 295
 297 2 -97.42 216.89 -8.95 0.746 296
 298 2 -97.65 218.17 -8.69 0.863 297
 299 2 -98.2 218.91 -9.03 0.933 298
 300 2 -98.87 219.2 -9.58 0.956 299
 301 2 -99.55 219.73 -9.97 0.933 300
 302 2 -100.19 220.11 -10.34 0.863 301
 303 2 -100.42 221.34 -10.14 0.863 302
 304 2 -100.97 222.14 -10.32 0.863 303
 305 2 -101.35 222.99 -10.23 0.886 304
 306 2 -101.59 224.33 -9.91 0.933 305
 307 2 -101.84 225.67 -9.52 0.886 306
 308 2 -102.28 226.46 -9.48 0.793 307
 309 2 -102.93 226.67 -10.24 0.676 308
 310 2 -103.21 226.54 -10.01 0.373 309
 311 2 -103 226.72 -10.36 0.676 310
 312 2 -103.47 227.41 -10.67 0.793 311
 313 2 -103.88 228.24 -10.64 0.839 312
 314 2 -104.11 229.59 -10.32 0.863 313
 315 2 -104.24 231.06 -10.08 0.863 314
 316 2 -104.47 232.39 -9.76 0.816 315
 317 2 -104.81 233.34 -9.52 0.793 316
 318 2 -105.27 234.44 -9.16 0.746 317
 319 2 -105.78 234.88 -9.5 0.699 318
 320 2 -106.1 236.12 -9.24 0.676 319
 321 2 -106.19 237.47 -8.83 0.653 320
 322 2 -105.97 238.32 -8.25 0.676 321
 323 2 -106.04 239.68 -7.89 0.676 322
 324 2 -106.09 241.16 -7.65 0.676 323
 325 2 -106.11 242.64 -7.43 0.676 324
 326 2 -105.94 244.01 -7.32 0.653 325
 327 2 -105.68 245.01 -7.26 0.676 326
 328 2 -105.38 246.28 -7.31 0.699 327
 329 2 -105.01 247.22 -7.32 0.746 328
 330 2 -104.58 248.07 -7.51 0.839 329
 331 2 -104.73 248.94 -7.93 0.933 330
 332 2 -104.72 250.25 -7.92 1.049 331
 333 2 -104.28 251.21 -7.95 1.142 332
 334 2 -103.75 252.02 -8.17 1.166 333
 335 2 -103.75 252.8 -8.66 1.142 334
 336 2 -103.41 253.65 -8.78 1.072 335
 337 2 -102.81 254.19 -8.4 0.979 336
 338 2 -102.28 255.03 -8.43 0.886 337
 339 2 -101.67 255.86 -8.68 0.816 338
 340 2 -101.05 256.69 -8.85 0.769 339
 341 2 -100.48 257.57 -9.02 0.746 340
 342 2 -99.89 258.43 -9.17 0.746 341
 343 2 -99.41 259.27 -9.39 0.746 342
 344 2 -99.46 260.03 -9.88 0.746 343
 345 2 -98.99 260.87 -10.1 0.769 344
 346 2 -98.34 261.69 -10.31 0.816 345
 347 2 -97.73 262.52 -10.52 0.863 346
 348 2 -97.18 263.35 -10.56 0.909 347
 349 2 -96.64 263.9 -10.23 0.909 348
 350 2 -96.11 264.75 -10.22 0.863 349
 351 2 -95.52 265.61 -10.4 0.816 350
 352 2 -94.87 266.42 -10.63 0.793 351
 353 2 -94.36 267.23 -10.89 0.793 352
 354 2 -94.41 267.98 -11.43 0.839 353
 355 2 -93.85 268.76 -11.69 0.909 354
 356 2 -93.28 269.63 -11.88 0.956 355
 357 2 -92.59 270.38 -12.09 1.026 356
 358 2 -91.98 271.22 -12.28 1.049 357
 359 2 -91.31 271.92 -12.43 1.026 358
 360 2 -90.44 272.12 -12.02 0.979 359
 361 2 -89.61 272.38 -11.72 0.886 360
 362 2 -88.94 273.09 -11.89 0.816 361
 363 2 -88.29 273.89 -12.11 0.746 362
 364 2 -87.65 274.69 -12.35 0.723 363
 365 2 -86.97 275.46 -12.58 0.723 364
 366 2 -86.28 276.21 -12.84 0.723 365
 367 2 -85.64 277.01 -13.09 0.769 366
 368 2 -84.93 277.68 -13.27 0.769 367
 369 2 -84.03 277.85 -12.93 0.769 368
 370 2 -83.18 278.07 -12.59 0.769 369
 371 2 -82.43 278.72 -12.76 0.746 370
 372 2 -81.76 279.46 -13.02 0.746 371
 373 2 -81.11 280.23 -13.28 0.746 372
 374 2 -80.37 280.94 -13.55 0.746 373
 375 2 -79.37 281.52 -14 0.746 374
 376 2 -78.48 281.98 -14.18 0.769 375
 377 2 -77.67 282.33 -13.99 0.793 376
 378 2 -76.9 282.88 -14.15 0.839 377
 379 2 -76.18 283.6 -14.52 0.886 378
 380 2 -75.22 284.19 -14.78 0.886 379
 381 2 -74.53 284.4 -14.44 0.886 380
 382 2 -73.75 284.72 -14.04 0.839 381
 383 2 -73.02 285.35 -14.19 0.793 382
 384 2 -72.33 286.07 -14.39 0.769 383
 385 2 -71.45 286.26 -14.08 0.746 384
 386 2 -70.53 286.39 -13.69 0.746 385
 387 2 -70.04 287.15 -13.88 0.746 386
 388 2 -70.09 287.89 -14.42 0.746 387
 389 2 -69.6 288.73 -14.65 0.746 388
 390 2 -69.1 289.56 -14.91 0.769 389
 391 2 -68.99 290.16 -15.38 0.793 390
 392 2 -68.38 290.45 -15.09 0.816 391
 393 2 -67.83 291.31 -15.1 0.839 392
 394 2 -67.5 292.38 -15.13 0.863 393
 395 2 -66.7 292.6 -14.71 0.909 394
 396 2 -65.84 292.77 -14.37 0.979 395
 397 2 -65.13 293.47 -14.69 1.072 396
 398 2 -64.55 294.35 -14.9 1.142 397
 399 2 -63.98 295.16 -14.86 1.212 398
 400 2 -63.42 295.69 -14.49 1.259 399
 401 2 -62.84 296.5 -14.5 1.282 400
 402 2 -62.19 297.2 -14.5 1.259 401
 403 2 -61.34 297.47 -14.31 1.166 402
 404 2 -60.64 298.01 -14.21 1.049 403
 405 2 -59.9 298.04 -13.45 0.909 404
 406 2 -59.29 298.76 -13.47 0.816 405
 407 2 -58.62 299.51 -13.59 0.793 406
 408 2 -57.94 299.79 -13.33 0.816 407
 409 2 -57.94 300.42 -13.77 0.886 408
 410 2 -57.52 301.27 -13.9 0.979 409
 411 2 -56.89 301.71 -13.5 1.049 410
 412 2 -56.11 301.93 -13.02 1.119 411
 413 2 -55.33 302.1 -12.51 1.166 412
 414 2 -54.65 302.38 -11.98 1.189 413
 415 2 -53.97 302.62 -11.35 1.212 414
 416 2 -53.32 303 -10.88 1.189 415
 417 2 -52.78 303.88 -10.97 1.142 416
 418 2 -52.12 304.61 -11.11 1.096 417
 419 2 -51.48 305.02 -10.71 1.026 418
 420 2 -51.09 306.02 -10.67 0.979 419
 421 2 -50.37 306.09 -10.04 1.002 420
 422 2 -49.48 306.06 -9.2 1.026 421
 423 2 -48.68 306.09 -8.46 1.096 422
 424 2 -47.94 305.98 -7.42 1.166 423
 425 2 -47.26 306.29 -7.6 1.119 424
 426 2 -46.66 306.88 -7.85 0.933 425
 427 2 -45.93 307.51 -8.13 0.839 426
 428 2 -44.7 307.85 -8.78 0.839 427
 429 2 -43.44 308.02 -9.07 0.886 428
 430 2 -42.74 308.01 -8.1 0.909 429
 431 2 -42.24 308.09 -7.52 0.979 430
 432 2 -41.04 308.44 -7.98 1.002 431
 433 2 -39.76 308.49 -8.61 1.002 432
 434 2 -39.07 308.19 -9.23 1.026 433
 435 2 -38.71 307.97 -10.06 1.002 434
 436 2 -37.95 307.71 -10.47 0.956 435
 437 2 -37.06 307.4 -10.27 0.863 436
 438 2 -36.3 306.89 -10.64 0.746 437
 439 2 -35.65 306.2 -11.13 0.629 438
 440 2 -34.91 305.62 -11.58 0.536 439
 441 2 -34.12 305.17 -12.13 0.49 440
 442 2 -33 304.92 -12.69 0.49 441
 443 2 -32.18 304.54 -13.19 0.536 442
 444 2 -31.4 304.13 -13.7 0.583 443
 445 2 -30.21 304 -14.16 0.676 444
 446 2 -29.13 303.94 -14.16 0.793 445
 447 2 -27.88 304.21 -14.64 0.909 446
 448 2 -26.85 304.27 -14.33 1.072 447
 449 2 -25.92 304.26 -13.77 1.236 448
 450 2 -25.17 304.22 -12.91 1.329 449
 451 2 -24.5 304.53 -12.62 1.422 450
 452 2 -23.81 304.59 -11.85 1.445 451
 453 2 -23.07 305.12 -11.82 1.375 452
 454 2 -21.92 305.69 -12.48 1.375 453
 455 2 -20.65 306.05 -13.18 1.445 454
 456 2 -19.25 306.05 -13.83 1.725 455
 457 2 -18.03 306.73 -14.18 2.285 456
 458 2 -17.31 307.46 -14.42 2.984 457
 459 2 -16.45 307.97 -14.53 3.66 458
 460 2 -15.17 308.29 -14.87 4.033 459
 461 2 -14.36 308.03 -15.46 3.963 460
 462 2 -13.14 307.87 -16.18 3.474 461
 463 2 -11.87 307.82 -17.07 2.728 462
 464 2 -10.64 307.81 -17.83 2.028 463
 465 2 -9.84 307.87 -18.02 1.119 464
 466 2 -12.61 307.57 -15.75 2.984 462
 467 2 -11.8 306.93 -15.53 2.541 466
 468 2 -11.39 306.56 -14.16 2.168 467
 469 2 -10.78 305.69 -13.89 1.772 468
 470 2 -10.78 304.35 -13.88 1.445 469
 471 2 -10.29 303.78 -14.14 0.746 470
 472 2 -38.44 307.98 -9.52 0.839 433
 473 2 -37.89 308.04 -10.46 0.793 472
 474 2 -36.8 308.71 -11.02 0.699 473
 475 2 -35.99 309.31 -11.37 0.653 474
 476 2 -34.73 309.41 -11.71 0.653 475
 477 2 -34.57 309.09 -11.7 0.746 476
 478 2 -34.43 309.32 -11.17 0.723 477
 479 2 -33.66 309.25 -10.18 0.676 478
 480 2 -32.71 309.2 -9.71 0.653 479
 481 2 -31.73 309.17 -9.34 0.653 480
 482 2 -30.71 309.16 -9.03 0.723 481
 483 2 -29.77 309.37 -8.8 0.816 482
 484 2 -28.99 309.84 -9.03 0.863 483
 485 2 -27.75 310.07 -9.3 0.886 484
 486 2 -26.73 310.01 -9.26 0.863 485
 487 2 -26.01 309.69 -9.57 0.886 486
 488 2 -26.06 309.65 -10.55 1.119 487
 489 2 -25.92 309.66 -9.62 1.049 488
 490 2 -24.73 309.6 -10.28 1.026 489
 491 2 -23.5 309.58 -11.1 1.072 490
 492 2 -22.68 309.33 -11.47 1.166 491
 493 2 -21.76 309.02 -11.33 1.375 492
 494 2 -20.81 308.89 -11.07 1.748 493
 495 2 -19.95 308.68 -11.38 2.215 494
 496 2 -18.73 308.39 -12.08 2.797 495
 497 2 -17.36 308.51 -12.72 3.38 496
 498 2 -16.04 308.64 -13.43 3.777 497
 499 2 -14.64 308.91 -13.96 3.94 498
 500 2 -13.24 309.19 -14.41 3.777 499
 501 2 -11.93 309.25 -15.1 3.287 500
 502 2 -10.99 309.42 -14.91 2.681 501
 503 2 -10.5 310.03 -14.31 2.075 502
 504 2 -10.21 311.07 -14.23 1.562 503
 505 2 -10.28 312.46 -14.04 1.212 504
 506 2 -10.24 313.59 -13.99 0.746 505
 507 2 -13.98 309.07 -15.35 4.359 500
 508 2 -14.4 309.23 -16.55 3.94 507
 509 2 -14.89 309.01 -17.29 3.497 508
 510 2 -15.13 308.97 -18.57 3.031 509
 511 2 -15.71 309.41 -18.27 2.681 510
 512 2 -15.94 309.86 -17.94 2.238 511
 513 2 -67.24 133.33 -23.34 1.072 160
 514 2 -67.63 134.3 -23 1.002 513
 515 2 -68.1 135.35 -22.76 0.933 514
 516 2 -68.68 135.82 -23.11 0.839 515
 517 2 -69.36 136.32 -23.33 0.816 516
 518 2 -70 137.03 -23.11 0.816 517
 519 2 -70.67 137.69 -22.67 0.816 518
 520 2 -71.33 138.4 -22.25 0.839 519
 521 2 -71.95 139.07 -22.03 0.816 520
 522 2 -72.63 139.34 -22.8 0.793 521
 523 2 -73.18 140.11 -22.75 0.793 522
 524 2 -73.67 141.14 -22.22 0.793 523
 525 2 -74.25 141.85 -21.92 0.793 524
 526 2 -75 142.19 -22.1 0.816 525
 527 2 -75.62 142.8 -21.76 0.793 526
 528 2 -75.56 143.26 -20.94 0.769 527
 529 2 -75.56 143.62 -20.17 0.816 528
 530 2 -76.38 144.02 -19.59 0.839 529
 531 2 -77.22 144.47 -19.1 0.909 530
 532 2 -77.93 145.13 -18.67 1.002 531
 533 2 -78.62 145.77 -18.21 1.049 532
 534 2 -79.3 146.4 -17.74 1.096 533
 535 2 -79.85 147.2 -17.34 1.119 534
 536 2 -80.33 148.27 -16.85 1.119 535
 537 2 -80.65 149.25 -16.53 1.096 536
 538 2 -81.03 150.44 -16.15 1.049 537
 539 2 -81.3 151.41 -15.92 0.979 538
 540 2 -81.58 152.72 -15.61 0.909 539
 541 2 -81.72 154.18 -15.29 0.863 540
 542 2 -81.88 155.57 -15.12 0.839 541
 543 2 -82.36 156.34 -15.47 0.839 542
 544 2 -82.91 156.68 -15.94 0.816 543
 545 2 -83.14 157.95 -15.71 0.816 544
 546 2 -83.29 159.42 -15.4 0.816 545
 547 2 -83.43 160.89 -15.1 0.839 546
 548 2 -83.51 162.38 -14.83 0.909 547
 549 2 -83.18 163.72 -14.84 0.933 548
 550 2 -82.77 164.52 -15.06 0.979 549
 551 2 -82.62 165.01 -15.66 1.002 550
 552 2 -82 165.73 -16.01 1.002 551
 553 2 -81.3 166.52 -16.22 1.026 552
 554 2 -80.64 167.32 -16.4 1.026 553
 555 2 -80.06 168.18 -16.59 1.002 554
 556 2 -79.24 168.86 -16.97 0.956 555
 557 2 -78.67 169.69 -17.03 0.909 556
 558 2 -78.42 170.37 -16.57 0.863 557
 559 2 -78.66 171.22 -16.74 0.839 558
 560 2 -78.22 172.1 -16.96 0.863 559
 561 2 -77.78 172.97 -17.2 0.886 560
 562 2 -77.74 173.65 -17.76 0.886 561
 563 2 -77.11 174.27 -18.15 0.886 562
 564 2 -76.09 174.82 -18.59 0.839 563
 565 2 -75.21 175.31 -19.02 0.793 564
 566 2 -74.17 175.89 -19.45 0.769 565
 567 2 -73.39 176.51 -19.77 0.723 566
 568 2 -72.7 177.17 -19.97 0.699 567
 569 2 -71.79 177.37 -19.64 0.676 568
 570 2 -70.88 177.53 -19.31 0.653 569
 571 2 -70.15 178.16 -19.51 0.676 570
 572 2 -69.49 178.91 -19.77 0.699 571
 573 2 -68.7 179.57 -20.08 0.723 572
 574 2 -67.71 180.15 -20.44 0.746 573
 575 2 -66.98 180.85 -20.8 0.746 574
 576 2 -66.41 181.66 -20.85 0.746 575
 577 2 -65.82 182.08 -20.39 0.746 576
 578 2 -65.1 182.38 -19.98 0.746 577
 579 2 -64.52 183.08 -19.91 0.746 578
 580 2 -63.96 183.71 -19.56 0.723 579
 581 2 -63.59 184.52 -19.57 0.699 580
 582 2 -63.75 185.41 -19.99 0.676 581
 583 2 -63.68 186.72 -20.02 0.653 582
 584 2 -63.36 187.7 -19.98 0.676 583
 585 2 -63.3 189.09 -19.84 0.723 584
 586 2 -63.39 190.59 -19.58 0.769 585
 587 2 -63.63 191.88 -19.48 0.793 586
 588 2 -64.3 192.23 -20.33 0.769 587
 589 2 -64.7 192.75 -20.06 0.699 588
 590 2 -64.22 192.85 -19 0.606 589
 591 2 -64.66 193.44 -18.54 0.559 590
 592 2 -65.33 194.06 -18.93 0.559 591
 593 2 -65.95 194.33 -19.21 0.606 592
 594 2 -65.87 194.96 -18.65 0.699 593
 595 2 -66.11 196.13 -18.06 0.793 594
 596 2 -66.55 197.01 -17.87 0.886 595
 597 2 -67.23 197.58 -18.19 0.933 596
 598 2 -67.84 198 -18.58 0.956 597
 599 2 -68.26 199.09 -18.29 0.933 598
 600 2 -68.66 199.88 -18.26 0.863 599
 601 2 -69.43 200.17 -19.13 0.816 600
 602 2 -70.01 200.84 -19.53 0.746 601
 603 2 -70.44 201.56 -19.59 0.699 602
 604 2 -71.24 201.87 -20.25 0.676 603
 605 2 -71.8 202.45 -20.37 0.653 604
 606 2 -72.23 203.34 -20.59 0.676 605
 607 2 -72.57 204.46 -20.48 0.723 606
 608 2 -73.15 204.9 -20.82 0.769 607
 609 2 -73.76 205.48 -21.38 0.839 608
 610 2 -74.57 205.68 -22.39 0.886 609
 611 2 -75.2 205.96 -22.88 0.886 610
 612 2 -75.47 207.21 -22.75 0.886 611
 613 2 -75.56 208.7 -22.39 0.863 612
 614 2 -75.71 210.07 -22.24 0.839 613
 615 2 -76.07 211.06 -22.5 0.839 614
 616 2 -76.07 212.39 -22.55 0.839 615
 617 2 -76.35 213.31 -22.98 0.839 616
 618 2 -76.73 214.12 -23.54 0.839 617
 619 2 -77.09 215.02 -23.94 0.839 618
 620 2 -77.24 216.41 -23.79 0.839 619
 621 2 -77.36 217.89 -23.53 0.816 620
 622 2 -77.48 219.35 -23.29 0.793 621
 623 2 -77.52 220.82 -23.02 0.746 622
 624 2 -77.52 222.32 -22.8 0.699 623
 625 2 -77.74 223.6 -22.59 0.676 624
 626 2 -78.4 223.97 -22.88 0.653 625
 627 2 -78.58 225.25 -22.68 0.699 626
 628 2 -78.71 226.72 -22.34 0.769 627
 629 2 -78.8 228.18 -22.09 0.863 628
 630 2 -78.83 229.66 -21.79 0.979 629
 631 2 -78.8 231 -21.43 1.026 630
 632 2 -78.6 231.86 -20.92 1.026 631
 633 2 -78.61 233.21 -20.57 0.979 632
 634 2 -78.68 234.69 -20.33 0.886 633
 635 2 -78.73 236.17 -20.1 0.816 634
 636 2 -78.74 237.56 -19.95 0.769 635
 637 2 -78.45 238.55 -19.91 0.746 636
 638 2 -78.15 239.83 -19.95 0.769 637
 639 2 -77.71 240.74 -20.01 0.793 638
 640 2 -77.27 241.67 -20.08 0.839 639
 641 2 -77.08 243.01 -19.96 0.909 640
 642 2 -76.99 244.4 -19.87 0.933 641
 643 2 -76.5 245.21 -19.88 0.956 642
 644 2 -75.87 245.55 -19.5 0.956 643
 645 2 -75.43 246.66 -19.54 0.909 644
 646 2 -75.02 247.61 -19.57 0.909 645
 647 2 -74.63 248.56 -19.59 0.933 646
 648 2 -74.31 249.82 -19.69 0.956 647
 649 2 -73.86 250.69 -19.58 1.026 648
 650 2 -73.44 251.44 -19.14 1.049 649
 651 2 -73.4 252.73 -18.81 1.026 650
 652 2 -73.15 253.75 -18.71 0.979 651
 653 2 -72.96 255.03 -18.8 0.909 652
 654 2 -73.13 255.9 -19.19 0.886 653
 655 2 -72.93 256.88 -19.23 0.909 654
 656 2 -72.52 257.96 -19.21 0.956 655
 657 2 -71.9 258.35 -18.84 1.002 656
 658 2 -71.24 259.08 -18.89 1.026 657
 659 2 -70.51 259.8 -19.29 1.002 658
 660 2 -69.84 260.61 -19.48 0.979 659
 661 2 -69.23 261.46 -19.65 0.933 660
 662 2 -68.63 262.31 -19.86 0.863 661
 663 2 -68.18 263.15 -20.08 0.839 662
 664 2 -68.19 263.93 -20.58 0.816 663
 665 2 -68 264.88 -20.68 0.816 664
 666 2 -67.93 265.59 -21.28 0.839 665
 667 2 -67.61 266.51 -21.33 0.793 666
 668 2 -67.11 267.4 -21.57 0.746 667
 669 2 -66.81 268.65 -21.57 0.699 668
 670 2 -66.44 269.57 -21.48 0.629 669
 671 2 -65.92 270.22 -21.12 0.629 670
 672 2 -65.6 271.11 -21 0.629 671
 673 2 -65.43 272.43 -20.94 0.653 672
 674 2 -66.26 273.16 -20.44 0.723 673
 675 2 -66.63 274.05 -20.74 0.746 674
 676 2 -66.65 275.37 -20.9 0.769 675
 677 2 -66.84 276.28 -21.28 0.746 676
 678 2 -66.53 277.16 -21.39 0.699 677
 679 2 -66.4 278.58 -21.2 0.699 678
 680 2 -66.64 279.9 -21.11 0.699 679
 681 2 -67.33 280.27 -21.92 0.723 680
 682 2 -67.73 280.98 -21.88 0.746 681
 683 2 -67.93 282.34 -21.52 0.746 682
 684 2 -68.01 283.82 -21.21 0.746 683
 685 2 -68.09 285.29 -20.98 0.746 684
 686 2 -68.13 286.76 -20.76 0.723 685
 687 2 -68.14 288.24 -20.54 0.699 686
 688 2 -68.12 289.61 -20.23 0.653 687
 689 2 -67.83 290.39 -19.72 0.606 688
 690 2 -67.5 291.11 -19.48 0.629 689
 691 2 -67.12 291.89 -18.98 0.653 690
 692 2 -67.11 293.26 -18.67 0.723 691
 693 2 -67.1 294.71 -18.34 0.816 692
 694 2 -67.01 296.13 -18.3 0.839 693
 695 2 -66.71 297.01 -18.15 0.886 694
 696 2 -66.2 297.67 -17.76 0.909 695
 697 2 -65.85 298.55 -17.64 0.886 696
 698 2 -65.73 299.94 -17.49 0.886 697
 699 2 -65.78 301.44 -17.34 0.839 698
 700 2 -65.68 302.83 -17.21 0.793 699
 701 2 -65.31 303.71 -17.08 0.769 700
 702 2 -64.77 304.35 -16.69 0.746 701
 703 2 -64.42 305.26 -16.5 0.769 702
 704 2 -64.39 306.57 -16.56 0.793 703
 705 2 -64.58 307.48 -16.94 0.839 704
 706 2 -64.34 308.31 -16.92 0.886 705
 707 2 -63.76 308.95 -16.5 0.886 706
 708 2 -63.43 309.86 -16.4 0.909 707
 709 2 -63.26 311.24 -16.38 0.909 708
 710 2 -63.16 312.6 -16.26 0.933 709
 711 2 -62.56 313.47 -16.49 1.002 710
 712 2 -61.89 314.16 -16.56 1.026 711
 713 2 -61.15 314.46 -16.22 1.026 712
 714 2 -60.47 315.18 -16.33 0.979 713
 715 2 -59.99 316.15 -16.43 0.886 714
 716 2 -59.68 317.29 -16.53 0.816 715
 717 2 -59.16 318.14 -16.56 0.793 716
 718 2 -58.4 318.45 -16.22 0.816 717
 719 2 -57.73 319.19 -16.39 0.863 718
 720 2 -57.1 319.96 -16.42 0.909 719
 721 2 -56.56 320.49 -16.06 0.909 720
 722 2 -55.91 321.16 -16.08 0.863 721
 723 2 -55.08 321.45 -15.85 0.793 722
 724 2 -54.35 322.09 -16.01 0.723 723
 725 2 -53.62 322.8 -16.32 0.676 724
 726 2 -52.62 323.38 -16.72 0.653 725
 727 2 -51.88 324.1 -17.01 0.676 726
 728 2 -51.19 324.71 -17.02 0.699 727
 729 2 -50.5 324.73 -16.17 0.723 728
 730 2 -49.83 325.24 -16.29 0.769 729
 731 2 -49.56 325.75 -17.01 0.816 730
 732 2 -48.91 326.39 -17.4 0.863 731
 733 2 -48.22 327.14 -17.66 0.909 732
 734 2 -47.5 327.79 -17.81 0.886 733
 735 2 -46.69 328.12 -17.53 0.816 734
 736 2 -45.9 328.71 -17.76 0.746 735
 737 2 -44.9 329.31 -18.24 0.676 736
 738 2 -44.18 329.96 -18.35 0.676 737
 739 2 -43.57 330.33 -17.99 0.699 738
 740 2 -42.64 330.89 -18.27 0.746 739
 741 2 -41.94 331.57 -18.51 0.793 740
 742 2 -41.36 332.08 -18.01 0.816 741
 743 2 -40.76 332.34 -17.49 0.839 742
 744 2 -40.72 333.48 -17.16 0.839 743
 745 2 -41.25 334.27 -16.81 0.863 744
 746 2 -41.79 335.06 -16.49 0.909 745
 747 2 -41.91 336.26 -15.99 0.956 746
 748 2 -41.73 337.13 -15.43 0.979 747
 749 2 -41.74 338.5 -15.11 0.979 748
 750 2 -41.68 339.88 -14.95 0.956 749
 751 2 -41.06 340.62 -15.06 0.956 750
 752 2 -40.3 340.9 -14.77 1.002 751
 753 2 -39.51 341.44 -14.77 1.026 752
 754 2 -38.74 341.86 -14.56 1.026 753
 755 2 -37.9 342.26 -14.63 0.979 754
 756 2 -37.14 342.45 -14.81 0.746 755
 757 2 -36.63 342.38 -13.78 0.816 756
 758 2 -35.93 342.26 -12.74 0.839 757
 759 2 -35.21 342.69 -12.79 0.816 758
 760 2 -34.06 342.84 -13.36 0.793 759
 761 2 -33.21 342.71 -13.88 0.769 760
 762 2 -31.99 342.67 -14.4 0.746 761
 763 2 -30.95 342.63 -14.23 0.746 762
 764 2 -29.98 342.53 -13.86 0.746 763
 765 2 -29.06 342.34 -13.55 0.769 764
 766 2 -28.46 341.81 -13.92 0.793 765
 767 2 -28.46 341.29 -14.72 0.816 766
 768 2 -28.07 340.48 -15.16 0.863 767
 769 2 -27.73 339.27 -15.43 0.886 768
 770 2 -27.25 338.53 -15.13 0.933 769
 771 2 -26.52 338.23 -14.63 0.979 770
 772 2 -25.84 337.72 -14.34 1.002 771
 773 2 -25.22 337.22 -14.36 1.026 772
 774 2 -24.33 336.96 -14.22 1.026 773
 775 2 -23.45 336.82 -13.61 1.026 774
 776 2 -22.59 336.75 -12.7 1.002 775
 777 2 -21.75 336.46 -12.31 0.956 776
 778 2 -20.96 335.96 -12.63 0.886 777
 779 2 -20.26 335.32 -13.12 0.793 778
 780 2 -19.58 334.65 -13.59 0.699 779
 781 2 -18.89 333.99 -14.05 0.629 780
 782 2 -18.22 333.37 -14.54 0.606 781
 783 2 -17.52 332.74 -15.02 0.606 782
 784 2 -16.98 331.96 -15.38 0.676 783
 785 2 -16.66 330.69 -15.8 0.769 784
 786 2 -16.62 329.14 -15.94 0.839 785
 787 2 -16.81 327.84 -16.15 0.933 786
 788 2 -17.39 327.65 -16.67 0.956 787
 789 2 -17.83 326.99 -17.22 0.956 788
 790 2 -17.84 325.62 -17.58 0.956 789
 791 2 -17.64 324.13 -17.86 0.933 790
 792 2 -17.9 322.75 -17.9 0.956 791
 793 2 -18.14 321.86 -17.88 0.979 792
 794 2 -17.98 321.02 -17.41 1.002 793
 795 2 -17.61 320.19 -16.85 1.049 794
 796 2 -17.25 319.28 -16.37 1.072 795
 797 2 -17.1 318.01 -16.68 1.096 796
 798 2 -17.3 317.16 -17.36 1.072 797
 799 2 -17.06 316 -17.61 1.049 798
 800 2 -16.43 315.61 -17.25 1.026 799
 801 2 -16.38 314.41 -17.38 1.049 800
 802 2 -16.9 313.47 -17.36 1.259 801
 803 2 -17.4 312.59 -17.2 1.492 802
 804 2 -17.28 311.75 -16.68 1.772 803
 805 2 -16.92 310.88 -16.25 2.052 804
 806 2 -17.02 310.62 -15.29 2.261 805
 807 2 -16.68 310.41 -14.16 2.471 806
 808 2 -17.01 309.7 -13.76 2.634 807
 809 2 -16.53 308.41 -13.9 2.681 808
 810 2 -16.57 306.93 -14 2.541 809
 811 2 -16.49 305.55 -14.23 2.285 810
 812 2 -15.93 304.92 -14.6 2.028 811
 813 2 -15.36 305.15 -14.68 1.865 812
 814 2 -16.21 307.9 -14.02 3.917 810
 815 2 -14.95 308.27 -14.45 4.15 814
 816 2 -13.62 308.42 -14.84 4.126 815
 817 2 -12.41 308.24 -15.34 3.893 816
 818 2 -11.41 308.14 -15.62 3.567 817
 819 2 -10.6 308.11 -15.04 3.357 818
 820 2 -9.97 307.97 -13.85 3.38 819
 821 2 -9.34 307.83 -12.63 3.52 820
 822 2 -8.51 307.79 -12 3.707 821
 823 2 -7.72 307.64 -10.92 3.847 822
 824 2 -6.7 307.64 -10.41 3.847 823
 825 2 -5.9 307.42 -9.31 3.73 824
 826 2 -4.84 307.39 -8.99 3.474 825
 827 2 -4.11 307.04 -8.81 3.077 826
 828 2 -3.1 306.76 -8.94 2.611 827
 829 2 -2.24 306.65 -8.14 2.191 828
 830 2 -1.36 306.57 -8.2 1.492 829
 831 2 -72.19 258.38 -19.23 1.049 656
 832 2 -71.64 258.76 -18.92 1.002 831
 833 2 -70.7 259.31 -19.12 0.933 832
 834 2 -69.95 260.01 -19.47 0.886 833
 835 2 -69.36 260.87 -19.64 0.863 834
 836 2 -68.73 261.69 -19.84 0.816 835
 837 2 -68.28 262.52 -20.1 0.793 836
 838 2 -68.29 263.28 -20.58 0.793 837
 839 2 -67.99 264.12 -20.86 0.793 838
 840 2 -68 264.91 -21.31 0.816 839
 841 2 -67.71 265.85 -21.43 0.839 840
 842 2 -67.43 267.09 -21.51 0.839 841
 843 2 -66.96 268.02 -21.54 0.839 842
 844 2 -66.54 268.98 -21.64 0.839 843
 845 2 -66.18 270.1 -21.56 0.839 844
 846 2 -65.67 270.46 -21.23 0.816 845
 847 2 -65.69 271.13 -21.66 0.793 846
 848 2 -65.37 272.08 -21.82 0.746 847
 849 2 -65.05 273.32 -21.85 0.699 848
 850 2 -64.7 274.25 -22 0.676 849
 851 2 -64.72 275.02 -22.51 0.653 850
 852 2 -64.42 275.86 -22.79 0.676 851
 853 2 -64.47 276.65 -23.26 0.699 852
 854 2 -63.95 277.47 -23.47 0.723 853
 855 2 -63.51 278.34 -23.68 0.769 854
 856 2 -63.62 279.14 -24.2 0.793 855
 857 2 -63.09 279.88 -24.37 0.816 856
 858 2 -62.34 280.08 -23.82 0.839 857
 859 2 -61.55 279.97 -22.92 0.816 858
 860 2 -61.08 280.67 -22.83 0.793 859
 861 2 -61.19 281.49 -23.38 0.769 860
 862 2 -60.86 282.43 -23.53 0.746 861
 863 2 -60.52 283.65 -23.57 0.746 862
 864 2 -60.09 284.6 -23.59 0.746 863
 865 2 -59.63 285.55 -23.68 0.746 864
 866 2 -59.28 286.67 -23.67 0.746 865
 867 2 -58.49 286.88 -23.28 0.746 866
 868 2 -57.79 287.05 -22.95 0.746 867
 869 2 -57.76 287.67 -23.41 0.769 868
 870 2 -57.47 288.68 -23.56 0.793 869
 871 2 -57.03 289.72 -23.54 0.816 870
 872 2 -56.39 290.1 -23.13 0.839 871
 873 2 -55.74 290.82 -23.21 0.816 872
 874 2 -55.24 291.77 -23.36 0.793 873
 875 2 -54.91 292.91 -23.42 0.769 874
 876 2 -54.42 293.84 -23.53 0.746 875
 877 2 -53.8 294.66 -23.75 0.746 876
 878 2 -53.06 295.35 -24.03 0.769 877
 879 2 -52.06 295.92 -24.44 0.793 878
 880 2 -51.15 296.36 -24.56 0.816 879
 881 2 -50.36 296.72 -24.44 0.839 880
 882 2 -49.56 297.2 -24.51 0.793 881
 883 2 -48.75 297.59 -24.31 0.723 882
 884 2 -47.98 298.1 -24.43 0.629 883
 885 2 -47.12 298.38 -24.19 0.536 884
 886 2 -46.37 298.97 -24.38 0.513 885
 887 2 -45.62 299.55 -24.64 0.536 886
 888 2 -44.71 299.73 -24.36 0.606 887
 889 2 -43.74 299.79 -23.96 0.699 888
 890 2 -42.83 299.96 -23.64 0.769 889
 891 2 -42.17 300.69 -23.8 0.816 890
 892 2 -41.54 301.52 -24.03 0.839 891
 893 2 -40.84 302.16 -24.14 0.816 892
 894 2 -40.17 302.18 -23.8 0.746 893
 895 2 -39.54 302.32 -23.28 0.746 894
 896 2 -38.77 302.77 -23.58 0.746 895
 897 2 -37.66 302.98 -23.76 0.746 896
 898 2 -36.8 302.88 -23.04 0.723 897
 899 2 -35.91 302.75 -22.62 0.699 898
 900 2 -35.12 302.44 -22.81 0.653 899
 901 2 -34.16 302.24 -22.67 0.583 900
 902 2 -33.29 302.03 -22.29 0.536 901
 903 2 -32.62 301.65 -21.91 0.49 902
 904 2 -31.8 301.32 -21.56 0.49 903
 905 2 -31.1 300.69 -21.92 0.536 904
 906 2 -30.51 299.86 -22.33 0.606 905
 907 2 -30.16 298.98 -22.77 0.676 906
 908 2 -29.01 298.76 -23.36 0.723 907
 909 2 -27.76 299.2 -23.93 0.746 908
 910 2 -27.07 299.93 -24.16 0.746 909
 911 2 -26.48 300.73 -24.37 0.723 910
 912 2 -25.82 301.52 -24.58 0.699 911
 913 2 -25.32 302.34 -24.8 0.699 912
 914 2 -25.41 303.11 -25.36 0.699 913
 915 2 -25 303.95 -25.39 0.769 914
 916 2 -24.44 304.52 -25 0.863 915
 917 2 -23.92 305.36 -25.06 0.956 916
 918 2 -23.27 306.06 -25.1 1.096 917
 919 2 -22.48 306.2 -24.6 1.236 918
 920 2 -21.75 306.23 -23.67 1.422 919
 921 2 -21.18 306.66 -23.35 1.679 920
 922 2 -20.45 306.82 -22.45 2.005 921
 923 2 -19.65 306.94 -21.89 2.401 922
 924 2 -19.27 307.42 -21.12 2.821 923
 925 2 -18.49 307.61 -20.6 3.171 924
 926 2 -18.2 308 -19.68 3.38 925
 927 2 -17.29 308.05 -19.18 3.404 926
 928 2 -16.42 307.97 -18.16 3.38 927
 929 2 -15.16 307.75 -18.02 3.334 928
 930 2 -14.23 307.8 -17.58 3.24 929
 931 2 -13.9 308.63 -16.22 3.147 930
 932 2 -12.9 309.22 -16.9 2.797 931
 933 2 -11.93 309.44 -18.01 2.285 932
 934 2 -12.27 310.07 -18.74 1.772 933
 935 2 -12.81 310.31 -19.87 1.282 934
 936 2 -12.97 310.38 -20.25 0.746 935
 937 2 -14.86 308.46 -15.14 4.546 931
 938 2 -15.51 308.5 -14.67 4.406 937
 939 2 -15.45 308.51 -13.78 4.103 938
 940 2 -16.54 308.34 -13.04 3.683 939
 941 2 -17.63 308.51 -12.46 3.124 940
 942 2 -18.26 309.2 -12.04 2.494 941
 943 2 -18.91 309.9 -11.6 1.888 942
 944 2 -18.78 310.91 -11.63 0.746 943
