# SWC to SWC conversion from L-Measure. Sridevi Polavaram: spolavar@gmu.edu
# Original fileName:C:\postprocessing\Tarusawa_Final\Source_Temp1//WT-iPS-derived-cell-12MR.T1.swc
#
# SWC to SWC conversion from L-Measure. Sridevi Polavaram: spolavar@gmu.edu

# Original fileName:C:\postprocessing\Tarusawa_Final\Source_Temp1//WT-iPS-derived-cell-12MR.T1.swc

#

# SWC to SWC conversion from L-Measure. Sridevi Polavaram: spolavar@gmu.edu

# Original fileName:C:\NMO_dev\data_proc\Auto swc//WT-iPS-derived-cell-12MR.dat.asc.swc.CNG.swc

#

# Original file C:\NMO_dev\data_proc\Temp_LMeasure\WT-iPS-derived-cell-12MR.dat.asc.swc edited using StdSwc version 1.31 on 7/2/17.

# Irregularities and fixes documented in C:\NMO_dev\data_proc\Temp_LMeasure\WT-iPS-derived-cell-12MR.dat.asc.swc.std.  See StdSwc1.31.doc for more information.

#

# Neurolucida to SWC conversion from L-Measure. Sridevi Polavaram: spolavar@gmu.edu

# Original fileName:C:\NMO_dev\data_proc\Source_Temp1//WT-iPS-derived-cell-12MR.dat.asc

# The original file has 8 soma contours that are averaged into 8 soma points

# ORIGINAL_SOURCE 

# CREATURE 

# REGION 

# FIELD/LAYER 

# TYPE 

# CONTRIBUTOR 

# REFERENCE 

# RAW 

# EXTRAS 

# SOMA_AREA 

# SHRINKAGE_CORRECTION 

# VERSION_NUMBER 

# VERSION_DATE 

# ********************************************* 

# SCALE 1.0 1.0 1.0 

# NEUROMANTIC V1.6.3 (7/7/2017 4:30:30 PM): Saved to WT-iPS-derived-cell-12MR.T1.swc

 1 1 0 0 0 3.66 -1
 2 1 3.5 -1.04 0.44 3.586 1
 3 1 -3.58 1.08 -0.43 3.562 1
 4 3 2.19 3 2.09 1.445 1
 5 3 2.78 4.58 2.98 0.99 4
 6 3 2.43 6.14 3.81 0.565 5
 7 3 3.31 7.74 4.26 1.13 6
 8 3 4.21 9.32 4.67 0.47 7
 9 3 4.49 10.89 4.67 0.47 8
 10 3 4.63 11.67 4.67 0.47 9
 11 3 6.31 13.13 6.92 1.4 10
 12 3 7.84 14.11 8.63 1.485 11
 13 3 8.14 15.37 10.35 1.05 12
 14 3 9.69 15.74 11.64 1.34 13
 15 3 11.25 16.08 12.51 0.785 14
 16 3 12.8 16.44 12.51 0.785 15
 17 3 11.25 16.08 14.67 0.955 16
 18 3 9.68 16.04 14.67 0.565 17
 19 3 8.1 16.95 14.67 0.565 18
 20 3 6.79 18.16 14.67 0.35 19
 21 3 5.21 19.06 14.67 0.785 20
 22 3 3.62 19.96 14.67 0.565 21
 23 3 2.63 21.5 14.67 0.785 22
 24 3 1.65 23.04 14.22 0.565 23
 25 3 0.07 23.93 14.22 0.625 24
 26 3 -1.19 25.14 14.22 0.785 25
 27 3 -2.78 26.35 14.67 0.565 26
 28 3 -4.38 27.55 14.67 0.565 27
 29 3 -5.99 28.45 14.67 0.565 28
 30 3 -7.56 29.35 14.67 0.565 29
 31 3 -9.16 30.26 14.67 0.565 30
 32 3 -10.72 30.21 14.67 0.8 31
 33 3 -12.28 29.86 14.67 0.47 32
 34 3 -13.83 29.49 14.67 0.625 33
 35 3 -15.38 29.14 14.67 0.47 34
 36 3 -16.95 28.8 14.67 0.47 35
 37 3 -18.5 28.42 14.67 0.47 36
 38 3 -20.07 28.07 14.67 0.47 37
 39 3 -21.63 27.72 14.22 0.47 38
 40 3 -23.17 26.74 13.8 0.785 39
 41 3 -24.7 25.45 13.8 0.565 40
 42 3 -26.24 24.46 13.8 0.565 41
 43 3 -27.79 24.1 13.8 0.47 42
 44 3 -29.36 24.06 13.8 0.315 43
 45 3 -30.91 23.71 13.8 0.47 44
 46 3 -32.46 23.05 13.8 0.645 45
 47 3 -34 22.37 13.8 0.645 46
 48 3 -35.58 22.02 13.8 0.47 47
 49 3 -37.14 21.67 13.8 0.47 48
 50 3 -38.69 21.31 13.8 0.645 49
 51 3 -40.24 20.96 13.8 0.47 50
 52 3 -41.8 20.6 13.8 0.47 51
 53 3 -43.65 19.92 13.8 1.13 52
 54 3 -45.2 18.94 14.22 0.565 53
 55 3 -46.75 17.96 14.22 0.565 54
 56 3 -48.28 16.99 14.22 0.565 55
 57 3 -49.85 16.94 13.8 0.645 56
 58 3 -51.41 16.58 13.8 0.47 57
 59 3 -52.97 16.54 13.8 0.315 58
 60 3 -54.52 16.19 13.8 0.47 59
 61 3 12.8 16.44 13.8 0.625 16
 62 3 14.37 16.48 14.67 0.785 61
 63 3 15.93 16.52 15.09 1.095 62
 64 3 17.49 16.56 15.93 0.785 63
 65 3 19.06 16.6 16.79 0.47 64
 66 3 20.62 16.65 17.67 0.47 65
 67 3 21.92 15.43 19.37 0.885 66
 68 3 22.9 14.21 21.53 0.665 67
 69 3 4.76 12.46 4.67 0.8 10
 70 3 4.72 14.03 5.11 0.645 69
 71 3 4.98 15.61 5.53 0.645 70
 72 3 5.25 17.5 5.98 0.315 71
 73 3 4.89 19.05 5.98 0.47 72
 74 3 4.54 20.61 6.4 0.47 73
 75 3 4.19 22.16 6.4 0.8 74
 76 3 3.82 23.72 6.84 0.315 75
 77 3 4.1 25.29 6.84 0.315 76
 78 3 4.37 26.86 6.84 0.47 77
 79 3 4.64 28.44 6.84 0.47 78
 80 3 4.92 30.01 6.4 0.645 79
 81 3 5.5 31.6 6.84 0.47 80
 82 3 5.78 33.18 6.84 0.47 81
 83 3 6.05 34.75 6.4 0.315 82
 84 3 6.31 36.33 6.4 0.645 83
 85 3 6.6 37.9 6.4 0.99 84
 86 3 6.86 39.46 6.4 0.565 85
 87 3 5.88 41.01 6.4 1.13 86
 88 3 5.21 42.55 6.4 0.47 87
 89 3 4.85 44.12 6.4 0.47 88
 90 3 4.5 45.66 6.4 0.8 89
 91 3 4.14 47.23 6.4 0.8 90
 92 3 4.1 48.8 6.4 0.565 91
 93 3 4.99 50.39 6.4 0.565 92
 94 3 5.58 51.96 6.84 0.565 93
 95 3 6.48 53.56 6.84 0.445 94
 96 3 7.39 55.14 6.84 0.7 95
 97 3 8.28 56.75 6.84 0.315 96
 98 3 8.55 58.31 7.26 0.47 97
 99 3 8.83 59.89 7.26 0.47 98
 100 3 9.1 61.47 7.26 0.47 99
 101 3 9.37 63.04 7.71 0.47 100
 102 3 9.64 64.61 7.71 0.47 101
 103 3 9.91 66.19 8.13 0.47 102
 104 3 10.18 67.75 8.13 0.99 103
 105 3 10.46 69.33 8.56 0.47 104
 106 3 10.09 70.88 8.56 0.8 105
 107 3 9.74 72.45 8.56 0.155 106
 108 3 10.01 74.02 7.71 0.625 107
 109 3 10.29 75.6 7.26 0.47 108
 110 3 9.92 77.15 6.4 0.495 109
 111 3 9.88 78.72 5.98 0.47 110
 112 3 9.53 80.27 5.53 0.645 111
 113 3 9.49 81.83 4.67 0.315 112
 114 3 10.08 83.42 4.67 0.8 113
 115 3 10.34 85 4.26 0.955 114
 116 3 10.91 86.58 4.26 0.47 115
 117 3 10.56 88.14 3.81 0.47 116
 118 3 10.21 89.7 2.98 0.47 117
 119 3 10.47 91.27 2.98 0.8 118
 120 3 10.74 92.84 2.98 1.14 119
 121 3 11.02 94.41 2.53 0.625 120
 122 3 11.29 95.98 2.53 0.35 121
 123 3 11.24 97.55 2.53 0.625 122
 124 3 11.2 99.11 2.53 0.315 123
 125 3 11.16 100.68 2.53 0.315 124
 126 3 11.74 102.26 2.09 0.845 125
 127 3 12.33 103.84 2.09 0.495 126
 128 3 13.22 105.45 2.09 0.7 127
 129 3 13.8 107.03 1.69 1.195 128
 130 3 15 108.94 1.69 1.33 129
 131 3 16.53 110.55 1.69 0.445 130
 132 3 18.06 112.15 1.69 0.445 131
 133 3 18.33 113.73 1.69 1.05 132
 134 3 19.84 115.34 1.25 0.885 133
 135 3 21.38 116.94 0.81 0.665 134
 136 3 21.96 118.53 0.81 1.195 135
 137 3 22.86 120.11 0.81 0.845 136
 138 3 23.13 121.68 -0.02 0.94 137
 139 3 23.09 123.25 -0.88 0.47 138
 140 3 23.04 124.81 -1.74 0.315 139
 141 3 23 126.38 -2.59 0.47 140
 142 3 21.08 127.89 -2.59 1.33 141
 143 3 3.17 1.76 1.69 1.195 4
 144 3 4.15 0.24 1.25 0.845 143
 145 3 5.74 -0.33 1.69 0.7 144
 146 3 7.32 -0.91 1.69 0.99 145
 147 3 8.92 -1.5 1.69 0.99 146
 148 3 10.5 -2.08 1.69 0.47 147
 149 3 12.06 -2.04 1.69 0.94 148
 150 3 13.63 -2 1.69 0.845 149
 151 3 15.17 -1.33 1.69 0.625 150
 152 3 17.04 -1.28 2.09 0.47 151
 153 3 18.61 -1.23 2.98 0.785 152
 154 3 20.5 -1.49 3.4 0.7 153
 155 3 21.29 -1.78 3.4 0.7 154
 156 3 21.06 0.37 3.03 0.495 155
 157 3 22.62 1.03 2.59 0.845 156
 158 3 24.17 1.71 2.19 0.315 157
 159 3 25.72 2.37 1.75 0.315 158
 160 3 27.27 3.04 1.33 0.7 159
 161 3 28.81 3.72 0.88 0.47 160
 162 3 30.37 3.76 1.33 0.155 161
 163 3 31.92 4.75 0.88 0.565 162
 164 3 33.47 5.1 0.05 0.8 163
 165 3 35.03 5.45 -0.8 0.47 164
 166 3 35.94 7.05 -1.23 1.13 165
 167 3 37.14 8.65 -1.65 0.565 166
 168 3 38.04 10.23 -2.09 0.565 167
 169 3 39.58 11.22 -2.51 0.785 168
 170 3 41.13 11.88 -2.51 0.495 169
 171 3 42.67 12.55 -2.51 0.495 170
 172 3 44.22 13.21 -2.51 0.495 171
 173 3 45.76 13.88 -2.96 0.845 172
 174 3 47.32 14.55 -3.8 0.495 173
 175 3 48.86 15.22 -4.67 0.315 174
 176 3 50.41 16.2 -5.53 0.35 175
 177 3 51.94 17.82 -5.96 1.33 176
 178 3 53.47 18.8 -5.96 0.645 177
 179 3 55.02 19.46 -5.96 0.495 178
 180 3 56.57 20.14 -6.4 0.495 179
 181 3 58.1 21.12 -6.4 0.495 180
 182 3 59.63 22.72 -7.69 1.105 181
 183 3 61.15 24.33 -8.13 0.885 182
 184 3 62.69 25.93 -8.13 0.445 183
 185 3 64.19 27.54 -8.56 0.665 184
 186 3 65.74 29.15 -9.84 0.885 185
 187 3 67.27 30.75 -10.68 0.445 186
 188 3 68.78 32.37 -11.97 0.665 187
 189 3 70.33 33.04 -11.97 0.495 188
 190 3 71.87 33.7 -12.85 0.645 189
 191 3 73.42 34.38 -13.68 0.35 190
 192 3 74.99 34.73 -14.56 0.495 191
 193 3 76.53 35.4 -15.43 0.35 192
 194 3 78.09 36.07 -15.43 0.645 193
 195 3 79.62 36.73 -15.85 0.495 194
 196 3 81.18 37.41 -15.85 0.315 195
 197 3 82.73 38.07 -16.29 0.495 196
 198 3 83.95 39.04 -17.13 0.845 197
 199 3 85.5 40.03 -18.02 0.495 198
 200 3 86.74 40.69 -18.87 0.495 199
 201 3 88.26 41.66 -18.87 0.565 200
 202 3 89.49 42.94 -19.29 0.565 201
 203 3 91.03 43.92 -19.29 0.445 202
 204 3 22.08 -2.08 3.4 0.845 155
 205 3 22.88 -2.37 3.59 0.845 204
 206 3 23.65 -1.73 3.9 1.14 205
 207 3 25.21 -1.37 4.34 0.47 206
 208 3 26.76 -1.01 4.34 0.8 207
 209 3 28.31 -0.66 4.34 0.47 208
 210 3 29.87 -0.3 4.34 0.47 209
 211 3 31.41 0.03 4.34 0.47 210
 212 3 32.97 0.69 4.34 0.315 211
 213 3 33.74 0.87 4.34 0.315 212
 214 3 37.64 2.07 3.48 0.645 213
 215 3 39.19 2.42 2.59 0.47 214
 216 3 40.75 2.77 1.75 0.47 215
 217 3 42.3 3.15 1.75 0.625 216
 218 3 43.85 3.49 1.33 0.47 217
 219 3 45.41 4.17 1.75 0.645 218
 220 3 34.52 1.05 4.34 0.47 213
 221 3 36.09 1.4 4.34 0.47 220
 222 3 23.67 -2.66 3.81 0.845 205
 223 3 25.26 -3.25 4.26 0.645 222
 224 3 26.84 -4.14 4.67 0.445 223
 225 3 28.45 -5.66 5.11 0.445 224
 226 3 30.06 -7.18 5.11 0.885 225
 227 3 31.66 -8.71 5.53 0.315 226
 228 3 32.33 -10.27 5.98 0.35 227
 229 3 32.99 -11.81 5.98 0.495 228
 230 3 33.67 -13.36 5.98 0.645 229
 231 3 34.34 -14.91 5.98 0.845 230
 232 3 35 -16.46 5.98 0.315 231
 233 3 35.04 -18.02 5.98 0.315 232
 234 3 35.08 -19.58 5.98 0.625 233
 235 3 35.46 -21.14 6.4 0.35 234
 236 3 36.11 -22.7 6.84 0.315 235
 237 3 36.48 -24.24 6.84 0.47 236
 238 3 37.13 -25.8 7.26 0.645 237
 239 3 37.81 -27.35 8.13 0.495 238
 240 3 38.17 -28.91 8.13 0.99 239
 241 3 -4.52 -1.87 -6.84 0.785 1
 242 3 -6.09 -1.6 -8.63 0.7 241
 243 3 -7.68 -1.01 -8.63 0.845 242
 244 3 -9.27 -0.43 -9.06 0.495 243
 245 3 -10.86 0.13 -9.06 0.845 244
 246 3 -12.42 0.41 -9.47 0.495 245
 247 3 -14 0.67 -9.47 0.495 246
 248 3 -15.58 1.24 -9.47 0.315 247
 249 3 -17.16 1.83 -9.47 0.7 248
 250 3 -18.74 2.43 -9.47 0.665 249
 251 3 -20.36 3.95 -9.47 0.445 250
 252 3 -21.97 5.16 -9.47 0.885 251
 253 3 -23.56 6.37 -9.47 0.495 252
 254 3 -25.14 6.96 -9.47 0.495 253
 255 3 -26.71 7.23 -9.47 0.315 254
 256 3 -28.29 7.8 -9.47 0.315 255
 257 3 -29.88 8.39 -9.47 0.495 256
 258 3 -31.46 9.29 -9.47 0.645 257
 259 3 -33.06 9.87 -9.47 0.645 258
 260 3 -34.62 10.45 -9.06 0.625 259
 261 3 -36.2 10.41 -9.06 0.47 260
 262 3 -37.78 10.68 -8.63 0.785 261
 263 3 -39.35 10.95 -8.63 0.495 262
 264 3 -40.92 11.53 -8.63 0.845 263
 265 3 -42.5 12.11 -8.63 0.315 264
 266 3 -44.07 12.07 -7.76 0.94 265
 267 3 -45.65 12.03 -6.92 0.665 266
 268 3 -47.24 13.55 -6.92 0.445 267
 269 3 -48.86 15.09 -6.48 0.885 268
 270 3 -50.46 16.3 -6.48 0.885 269
 271 3 -52.06 17.51 -6.48 0.495 270
 272 3 -52.73 19.06 -5.63 0.845 271
 273 3 -53.39 20.6 -4.76 0.665 272
 274 3 -54.99 22.12 -4.76 0.885 273
 275 3 -56.61 23.64 -4.76 0.315 274
 276 3 -57.27 25.19 -3.9 0.645 275
 277 3 -58.25 26.74 -3.01 0.495 276
 278 3 -59.23 28.28 -3.01 0.7 277
 279 3 -60.2 29.52 -3.01 0.495 278
 280 3 -61.18 31.05 -3.01 0.645 279
 281 3 -61.85 32.61 -3.01 0.7 280
 282 3 -62.51 34.15 -3.01 0.665 281
 283 3 -64.12 35.68 -3.01 0.445 282
 284 3 -65.74 37.19 -3.01 0.445 283
 285 3 -67.03 38.72 -2.59 0.495 284
 286 3 -67.71 40.27 -3.47 0.315 285
 287 3 -68.36 41.83 -4.34 0.315 286
 288 3 -69.04 43.38 -5.19 0.845 287
 289 3 -69.4 45.25 -5.63 0.7 288
 290 3 -70.38 46.47 -5.63 0.645 289
 291 3 -71.05 48.02 -6.05 0.315 290
 292 3 -71.09 49.58 -6.05 0.785 291
 293 3 -71.13 51.14 -6.05 0.47 292
 294 3 -71.18 52.71 -6.92 0.47 293
 295 3 -71.22 54.27 -7.76 0.625 294
 296 3 -71.26 55.85 -8.63 0.47 295
 297 3 -71.3 57.42 -8.63 0.315 296
 298 3 -71.34 58.98 -8.63 0.47 297
 299 3 -71.39 60.55 -9.06 0.47 298
 300 3 -71.43 62.11 -9.06 0.625 299
 301 3 -71.15 63.68 -9.06 0.625 300
 302 3 -6.09 -1.28 -6.84 0.915 241
 303 3 -7.7 -0.38 -6.84 0.47 302
 304 3 -9.28 -0.12 -7.26 0.315 303
 305 3 -10.86 0.13 -7.26 0.47 304
 306 3 -12.42 0.41 -7.69 0.47 305
 307 3 -14 0.67 -7.69 0.47 306
 308 3 -15.57 0.93 -7.69 0.47 307
 309 3 -17.15 1.2 -7.69 0.8 308
 310 3 -18.72 1.49 -8.13 0.35 309
 311 3 -20.27 0.5 -8.13 0.565 310
 312 3 -21.8 -0.46 -8.13 0.565 311
 313 3 -23.34 -1.44 -8.13 0.785 312
 314 3 -24.88 -2.42 -8.13 0.315 313
 315 3 -26.43 -2.77 -8.13 0.495 314
 316 3 -27.99 -2.81 -8.56 0.645 315
 317 3 -29.54 -3.49 -8.56 0.495 316
 318 3 -31.09 -4.15 -8.56 0.645 317
 319 3 -32.65 -4.82 -8.97 0.495 318
 320 3 -34.18 -5.48 -9.42 0.47 319
 321 3 -35.75 -5.84 -9.42 0.315 320
 322 3 -37.31 -6.2 -9.42 0.8 321
 323 3 -38.86 -6.55 -9.42 0.645 322
 324 3 -40.42 -6.9 -9.42 0.8 323
 325 3 -41.98 -6.94 -9.84 0.645 324
 326 3 -43.54 -6.98 -9.84 0.47 325
 327 3 -45.12 -7.35 -9.84 0.47 326
 328 3 -46.66 -7.7 -9.42 0.8 327
 329 3 -48.23 -8.05 -9.42 0.645 328
 330 3 -49.78 -8.41 -9.42 0.625 329
 331 3 -51.34 -8.77 -9.42 0.625 330
 332 3 -52.89 -9.12 -9.84 0.565 331
 333 3 -54.43 -10.1 -9.84 0.565 332
 334 3 -55.97 -11.08 -9.84 0.785 333
 335 3 -57.51 -12.06 -10.27 0.315 334
 336 3 -59.06 -12.73 -10.27 0.625 335
 337 3 -60.62 -13.09 -10.27 0.565 336
 338 3 -62.15 -14.07 -10.27 0.35 337
 339 3 -63.69 -15.36 -10.27 0.565 338
 340 3 -64.9 -16.65 -10.68 0.915 339
 341 3 -66.46 -17.63 -10.68 0.565 340
 342 3 -67.35 -19.22 -11.13 0.785 341
 343 3 -68.57 -20.5 -11.13 0.47 342
 344 3 -70.13 -20.86 -11.97 0.8 343
 345 3 -71.68 -21.21 -12.85 1.13 344
 346 3 -73.54 -22.2 -13.27 0.625 345
 347 3 -0.03 -2.81 -0.88 0.785 1
 348 3 1.83 -6.07 -0.88 0.785 347
 349 3 2.48 -7.3 -1.74 1.33 348
 350 3 4.1 -9.14 -1.74 0.645 349
 351 3 5.08 -10.67 -1.74 0.845 350
 352 3 5.57 -11.45 -1.96 0.665 351
 353 3 5.78 -13.49 -0.5 0.8 352
 354 3 5.82 -15.05 -0.5 0.645 353
 355 3 5.55 -16.62 0.33 0.8 354
 356 3 5.29 -18.19 0.75 0.565 355
 357 3 3.74 -19.17 0.75 0.785 356
 358 3 2.21 -20.15 1.19 0.565 357
 359 3 1.31 -21.75 1.19 0.565 358
 360 3 0.41 -23.33 0.75 0.565 359
 361 3 -0.45 -24.95 0.75 0.565 360
 362 3 -1.03 -26.51 0.75 0.565 361
 363 3 -1.93 -28.12 0.75 0.565 362
 364 3 -2.83 -29.71 0.75 0.565 363
 365 3 -3.72 -31.3 0.75 0.445 364
 366 3 -4.63 -32.88 0.75 0.565 365
 367 3 -5.2 -34.46 0.75 0.315 366
 368 3 -5.8 -36.05 0.33 0.845 367
 369 3 -6.69 -37.65 0.33 0.35 368
 370 3 -7.28 -39.22 0.33 0.315 369
 371 3 -7.86 -40.81 -0.09 0.495 370
 372 3 -9.39 -42.43 -0.5 1.105 371
 373 3 -10.28 -44.01 -0.5 0.445 372
 374 3 -11.17 -45.6 -0.5 0.565 373
 375 3 -12.38 -47.19 -0.5 0.35 374
 376 3 -13.28 -48.78 -0.93 0.565 375
 377 3 -14.48 -50.4 -1.37 0.35 376
 378 3 -15.38 -51.98 -1.37 0.565 377
 379 3 -15.97 -53.56 -1.79 0.645 378
 380 3 -16.57 -55.13 -2.23 0.645 379
 381 3 -17.78 -56.44 -2.67 1.13 380
 382 3 -18.37 -58.01 -3.09 0.565 381
 383 3 -18.95 -59.59 -3.09 0.565 382
 384 3 -20.17 -60.87 -3.09 0.565 383
 385 3 -21.07 -62.48 -3.09 0.565 384
 386 3 -21.96 -64.05 -3.09 0.565 385
 387 3 -22.85 -65.66 -3.09 0.565 386
 388 3 -24.07 -66.94 -3.51 0.565 387
 389 3 -25.29 -68.23 -3.51 0.565 388
 390 3 -26.5 -69.52 -3.97 0.565 389
 391 3 -27.4 -71.09 -3.97 0.565 390
 392 3 -28.62 -72.71 -3.97 0.35 391
 393 3 -29.52 -74.29 -3.97 0.565 392
 394 3 -29.78 -75.86 -3.97 0.8 393
 395 3 -30.05 -77.45 -3.97 0.315 394
 396 3 -30.01 -79 -3.97 0.625 395
 397 3 -29.96 -80.57 -3.51 0.785 396
 398 3 -29.92 -82.13 -3.51 0.47 397
 399 3 -29.88 -83.69 -3.51 0.315 398
 400 3 -29.84 -85.27 -3.51 0.47 399
 401 3 -29.48 -86.82 -3.97 0.47 400
 402 3 -29.43 -88.38 -4.4 0.47 401
 403 3 -30.01 -89.98 -4.82 0.35 402
 404 3 -30.6 -91.55 -4.82 0.645 403
 405 3 -31.2 -93.14 -4.82 0.845 404
 406 3 -31.76 -94.72 -4.82 0.7 405
 407 3 -32.36 -96.3 -4.82 0.99 406
 408 3 -32.95 -97.89 -4.82 0.315 407
 409 3 -35.24 -102.46 -4.82 0.315 408
 410 3 -35.94 -105.29 -0.5 0.315 409
 411 3 -34.31 -105.43 -0.5 0.625 410
 412 3 -32.74 -105.72 -0.5 0.47 411
 413 3 -31.44 -106.62 1.19 1.565 412
 414 3 6.06 -12.23 -2.17 0.665 352
 415 3 7.67 -13.75 -2.17 0.445 414
 416 3 9.3 -15.58 -2.59 0.885 415
 417 3 10.92 -17.42 -3.01 0.665 416
 418 3 12.52 -18.94 -2.59 1.105 417
 419 3 14.14 -20.77 -2.17 0.47 418
 420 3 14.18 -22.34 -1.74 0.47 419
 421 3 14.53 -23.89 -1.33 0.47 420
 422 3 14.58 -25.47 -1.33 0.47 421
 423 3 14.58 -25.47 -0.88 0.785 422
 424 3 14.93 -27.02 -0.46 0.7 423
 425 3 15.91 -28.57 1.25 0.99 424
 426 3 16.89 -30.1 2.53 1.05 425
 427 3 17.86 -31.65 3.4 0.35 426
 428 3 18.84 -33.18 4.26 0.495 427
 429 3 19.52 -34.72 5.11 0.495 428
 430 3 20.5 -36.27 5.98 0.495 429
 431 3 21.18 -37.83 6.84 0.645 430
 432 3 22.16 -39.36 7.26 1.05 431
 433 3 23.12 -40.91 7.71 0.665 432
 434 3 24.75 -42.41 8.13 0.885 433
 435 3 26.37 -44.26 8.56 1.195 434
 436 3 27.03 -45.8 9 0.495 435
 437 3 28.61 -46.39 9.42 0.495 436
 438 3 30.19 -46.97 9.85 0.495 437
 439 3 31.78 -47.87 10.27 0.315 438
 440 3 33.36 -48.46 10.72 0.645 439
 441 3 34.95 -49.36 11.56 0.315 440
 442 3 36.52 -49.32 11.14 0.785 441
 443 3 38.1 -49.28 10.72 0.495 442
 444 3 39.99 -49.85 11.14 0.845 443
 445 3 41.57 -50.43 11.56 0.665 444
 446 3 43.14 -51.01 12 0.315 445
 447 3 44.73 -51.6 12 0.495 446
 448 3 46.31 -52.18 12 0.99 447
 449 3 47.89 -52.76 12 0.99 448
 450 3 49.47 -53.34 12 1.195 449
 451 3 51.07 -53.93 12 0.495 450
 452 3 52.64 -54.53 12 0.495 451
 453 3 54.23 -55.09 12 0.99 452
 454 3 55.81 -55.69 12 0.495 453
 455 3 57.39 -56.27 12 0.155 454
 456 3 58.95 -56.23 12.85 0.785 455
 457 3 60.52 -56.5 12.85 0.645 456
 458 3 62.11 -57.08 12.85 0.315 457
 459 3 63.73 -58.6 12.85 0.315 458
 460 3 63.73 -58.6 14.14 1.105 459
 461 3 64.66 -61.51 15.85 1.095 460
 462 3 65.31 -59.81 14.14 0.885 459
 463 3 66.92 -61.03 15.85 0.665 462
 464 3 68.52 -62.24 17.17 0.445 463
 465 3 70.13 -63.76 18.03 0.665 464
 466 3 72.04 -65.27 18.87 1.33 465
 467 3 73.95 -66.49 19.75 1.33 466
 468 3 75.55 -68 21.03 0.445 467
 469 3 77.17 -69.52 22.31 0.665 468
 470 3 13.35 -26.45 -0.67 0.645 422
 471 3 12.76 -28.02 -0.67 0.445 470
 472 3 11.56 -29.94 -0.67 0.445 471
 473 3 10.03 -31.54 -0.67 0.885 472
 474 3 8.83 -33.45 -0.67 0.35 473
 475 3 8.57 -35.02 -0.67 0.495 474
 476 3 7.97 -36.6 -0.67 0.315 475
 477 3 7.39 -38.2 -0.67 0.35 476
 478 3 7.12 -39.77 -0.67 0.495 477
 479 3 6.85 -41.35 -0.67 0.625 478
 480 3 6.57 -42.9 -0.67 0.47 479
 481 3 6.62 -44.48 -0.67 0.47 480
 482 3 6.66 -46.04 -0.67 0.47 481
 483 3 7.33 -47.59 -1.08 0.845 482
 484 3 8 -49.15 -1.08 0.495 483
 485 3 8.35 -50.7 -1.08 0.35 484
 486 3 8.4 -52.27 -0.67 0.495 485
 487 3 8.13 -53.84 -2.79 0.625 486
 488 3 7.85 -55.4 -4.96 0.47 487
 489 3 6.63 -56.71 -5.82 0.785 488
