# SWC to SWC conversion from L-Measure. Sridevi Polavaram: spolavar@gmu.edu
# Original fileName:C:\test3\Lee_LJ_Final\Source_Temp1//WT-mPFC-A-20X-3-2.msa.swc
#
# SWC to SWC conversion from L-Measure. Sridevi Polavaram: spolavar@gmu.edu

# Original fileName:C:\test3\Auto swc//WT-mPFC-A-20X-3-2.dat.asc.swc.CNG.swc

#

# Original file C:\test3\Temp_LMeasure\WT-mPFC-A-20X-3-2.dat.asc.swc edited using StdSwc version 1.31 on 9/10/16.

# Irregularities and fixes documented in C:\test3\Temp_LMeasure\WT-mPFC-A-20X-3-2.dat.asc.swc.std.  See StdSwc1.31.doc for more information.

#

# Neurolucida to SWC conversion from L-Measure. Sridevi Polavaram: spolavar@gmu.edu

# Original fileName:C:\test3\Source_Temp1//WT-mPFC-A-20X-3-2.dat.asc

#The original file has a single soma contour that is averaged into 3 soma points

# NEUROMANTIC V1.6.3 (9/14/2016 1:09:07 PM): Saved to WT-mPFC-A-20X-3-2.msa.swc

 1 1 0 0 0 2.8025 -1
 2 1 -0.76 -2.68 0 2.8025 1
 3 1 0.77 2.68 0 2.8025 1
 4 4 2.28 1.61 0 0.26 1
 5 4 2.72 3.11 0 0.26 4
 6 4 3.43 5.11 0 0.26 5
 7 4 3.92 7.13 0 0.26 6
 8 4 4.09 8.65 0 0.26 7
 9 4 4.25 9.63 -1.5 0.26 8
 10 4 4.42 10.54 -1.5 0.195 9
 11 4 4.21 12.13 -1.5 0.195 10
 12 4 3.8 13.24 -1.5 0.195 11
 13 4 3.41 14.52 -1.5 0.195 12
 14 4 3.34 15.38 -1.5 0.195 13
 15 4 3.4 16.5 -1.5 0.195 14
 16 4 3.49 17.91 -1.5 0.195 15
 17 4 3.69 18.93 -1.5 0.195 16
 18 4 3.54 19.79 -1.5 0.195 17
 19 4 3.78 21.06 -1.5 0.195 18
 20 4 4.07 22.06 -1.5 0.195 19
 21 4 4.52 22.74 -1.5 0.195 20
 22 4 4.85 23.5 -1.5 0.195 21
 23 4 5.1 24.74 -1.5 0.195 22
 24 4 5.51 26.28 -1.5 0.195 23
 25 4 5.79 27.23 -1.5 0.195 24
 26 4 6.14 28.35 -3 0.195 25
 27 4 6.36 28.72 -3 0.195 26
 28 4 7.31 30.79 -3 0.195 27
 29 4 7.92 32.02 -3 0.195 28
 30 4 8.29 32.84 -3 0.195 29
 31 4 8.59 33.65 -3 0.195 30
 32 4 8.89 34.7 -3 0.195 31
 33 4 8.77 35.54 -3 0.195 32
 34 4 8.43 36.85 -1.5 0.195 33
 35 4 8.11 38.21 -1.5 0.195 34
 36 4 8.11 39.52 -1.5 0.195 35
 37 4 8.47 40.88 0 0.195 36
 38 4 9.04 42.25 0 0.195 37
 39 4 9.54 46.3 1.5 0.195 38
 40 4 9.82 48.01 1.5 0.195 39
 41 4 10.15 49.36 1.5 0.195 40
 42 4 9.89 50.77 3 0.195 41
 43 4 9.88 52.76 3 0.195 42
 44 4 9.5 53.94 3 0.195 43
 45 4 9.79 55.25 3 0.195 44
 46 4 9.96 55.84 3 0.195 45
 47 4 9.91 56.31 3 0.195 46
 48 4 10.28 59.44 4.5 0.195 47
 49 4 10.74 61.54 6 0.195 48
 50 4 11.24 62.75 6 0.195 49
 51 4 11.62 63.94 7.5 0.195 50
 52 4 12.21 65.53 7.5 0.195 51
 53 4 12.15 66.54 7.5 0.195 52
 54 4 12.19 67.01 9 0.195 53
 55 4 11.47 67.91 7.5 0.195 54
 56 4 10.91 69.09 7.5 0.195 55
 57 4 10.52 70.07 7.5 0.195 56
 58 4 9.76 70.87 7.5 0.195 57
 59 4 9.86 71.56 7.5 0.195 58
 60 4 10.09 72.34 7.5 0.195 59
 61 4 10.32 73.15 7.5 0.195 60
 62 4 10.5 73.88 9 0.195 61
 63 4 10.19 75.35 9 0.195 62
 64 4 9.91 76.85 9 0.195 63
 65 4 10.04 78.27 9 0.195 64
 66 4 9.66 79.45 12 0.195 65
 67 4 9.41 80.6 12 0.195 66
 68 4 8.86 81.82 12 0.195 67
 69 4 8.43 82.62 12 0.195 68
 70 4 7.79 83.4 13.5 0.195 69
 71 4 6.76 84.03 13.5 0.195 70
 72 4 5.38 85 13.5 0.195 71
 73 4 4.44 85.31 13.5 0.195 72
 74 4 3.97 86.09 15 0.195 73
 75 4 2.92 86.47 15 0.195 74
 76 4 1.87 87.04 15 0.195 75
 77 4 1.99 88.37 15 0.195 76
 78 4 2.14 89.68 15 0.195 77
 79 4 2.64 90.33 15 0.195 78
 80 4 3.15 91.13 15 0.195 79
 81 4 3.8 92.16 15 0.195 80
 82 4 4.13 92.97 15 0.195 81
 83 4 4.95 94.11 18 0.195 82
 84 4 5.6 94.79 18 0.195 83
 85 4 6.5 95.41 18 0.195 84
 86 4 7.17 96.34 18 0.195 85
 87 4 8.11 98.38 19.5 0.195 86
 88 4 8.35 99.2 19.5 0.195 87
 89 4 8.43 99.59 19.5 0.195 88
 90 4 8.11 101.61 21 0.195 89
 91 4 8.13 102.83 21 0.195 90
 92 4 8.5 104.11 21 0.195 91
 93 4 8.23 104.65 21 0.195 92
 94 4 1.04 87.29 15 0.195 76
 95 4 -0.2 87.79 15 0.195 94
 96 4 -1.85 88.44 15 0.195 95
 97 4 -3.32 88.81 15 0.195 96
 98 4 -4.42 88.87 16.5 0.195 97
 99 4 -5.38 89.01 16.5 0.195 98
 100 4 -5.8 89.69 16.5 0.195 99
 101 4 -7.07 90.59 15 0.195 100
 102 4 -7.78 91.41 16.5 0.195 101
 103 4 -8.77 91.77 16.5 0.195 102
 104 4 -9.38 91.93 16.5 0.195 103
 105 4 -9.85 92.08 16.5 0.195 104
 106 4 -10.11 91.97 16.5 0.195 105
 107 4 -10.97 92.4 16.5 0.195 106
 108 4 -12.52 92.61 16.5 0.195 107
 109 4 -13.6 92.65 16.5 0.195 108
 110 4 -14.6 93.34 16.5 0.195 109
 111 4 -16.37 94.29 16.5 0.195 110
 112 4 -17.26 94.75 16.5 0.195 111
 113 4 -17.68 95.54 16.5 0.195 112
 114 4 -17.95 96.13 19.5 0.195 113
 115 4 -18.83 96.95 18 0.195 114
 116 4 -19.29 98.04 18 0.195 115
 117 4 -19.59 99.29 19.5 0.195 116
 118 4 -20 100.43 19.5 0.195 117
 119 4 -20.36 101.2 19.5 0.195 118
 120 4 -20.43 101.86 21 0.195 119
 121 4 -21.62 102.4 21 0.195 120
 122 4 -22.21 103.15 21 0.195 121
 123 4 -22.26 103.97 21 0.195 122
 124 4 -22.22 104.54 22.5 0.195 123
 125 4 -22.89 105.18 22.5 0.195 124
 126 4 -23.35 106.4 22.5 0.195 125
 127 4 -23.75 107.36 25.5 0.195 126
 128 4 -24.7 108.27 25.5 0.195 127
 129 4 -26.11 109.27 27 0.195 128
 130 4 -27.11 110.5 27 0.195 129
 131 4 -27.94 111.36 30 0.195 130
 132 4 -28.89 111.65 30 0.195 131
 133 4 -29.87 111.7 30 0.195 132
 134 4 -30.62 111.79 30 0.195 133
 135 4 -32.09 112.31 31.5 0.195 134
 136 4 -32.93 112.36 31.5 0.195 135
 137 4 -33.52 112.36 31.5 0.195 136
 138 4 -34.68 112.24 31.5 0.195 137
 139 4 -35.93 112.74 36 0.195 138
 140 4 -37.39 113.39 36 0.195 139
 141 4 -39.09 113.92 36 0.195 140
 142 4 -40.19 113.89 36 0.195 141
 143 4 -41.55 113.37 36 0.195 142
 144 4 -42.19 113.02 36 0.195 143
 145 4 -43.54 112.83 36 0.195 144
 146 4 -44.94 113.19 36 0.195 145
 147 4 12.47 67.8 9 0.195 54
 148 4 12.61 69.06 9 0.195 147
 149 4 12.84 69.84 9 0.195 148
 150 4 13.18 70.92 12 0.195 149
 151 4 13.56 71.87 12 0.195 150
 152 4 14.48 73.02 12 0.195 151
 153 4 15.01 73.77 12 0.195 152
 154 4 15.59 74.71 13.5 0.195 153
 155 4 15.93 75.55 13.5 0.195 154
 156 4 16.49 75.8 13.5 0.195 155
 157 4 17.54 76.17 15 0.195 156
 158 4 18.82 76.89 15 0.195 157
 159 4 19.11 77.56 16.5 0.195 158
 160 4 20.36 78.42 16.5 0.195 159
 161 4 21.3 78.86 16.5 0.195 160
 162 4 23.14 79.05 18 0.195 161
 163 4 25.01 79.09 18 0.195 162
 164 4 26.98 78.58 16.5 0.195 163
 165 4 28.95 77.5 15 0.195 164
 166 4 30.94 76.75 13.5 0.195 165
 167 4 32.36 75.71 12 0.195 166
 168 4 33.42 74.42 12 0.195 167
 169 4 34.35 72.98 12 0.195 168
 170 4 35.31 71.62 12 0.195 169
 171 4 36.55 70.73 10.5 0.195 170
 172 4 38.46 70.04 9 0.195 171
 173 4 39.32 70.05 9 0.195 172
 174 4 40.42 70.46 9 0.195 173
 175 4 2.51 18.22 -1.5 0.195 16
 176 4 1.89 18.9 -1.5 0.195 175
 177 4 0.75 18.56 -4.5 0.195 176
 178 4 -0.24 18.18 -4.5 0.195 177
 179 4 1.99 15.52 1.5 0.195 14
 180 4 0.84 15.63 1.5 0.195 179
 181 4 -0.91 15.24 3 0.195 180
 182 4 -2.34 14.79 3 0.195 181
 183 4 -3.45 14.22 4.5 0.195 182
 184 4 -4.87 13.81 6 0.195 183
 185 4 -5.99 13.38 7.5 0.195 184
 186 4 -6.95 12.56 7.5 0.195 185
 187 4 -7.91 11.72 9 0.195 186
 188 4 -8.84 10.86 10.5 0.195 187
 189 4 -10.01 9.59 10.5 0.195 188
 190 4 -12.52 8.38 10.5 0.195 189
 191 4 -13.71 8.18 10.5 0.195 190
 192 4 -15.21 7.31 13.5 0.195 191
 193 4 -16.86 6.88 13.5 0.195 192
 194 4 -18.24 6.79 15 0.195 193
 195 4 -19.5 6.52 16.5 0.195 194
 196 4 -20.82 5.83 18 0.195 195
 197 4 -21.33 4.86 21 0.195 196
 198 4 -22.51 3.58 25.5 0.195 197
 199 4 -23.33 2.29 27 0.195 198
 200 4 -23.73 1.4 28.5 0.195 199
 201 4 -24.56 0.52 30 0.195 200
 202 4 -25.04 -1.22 31.5 0.195 201
 203 4 -25.94 -2.16 33 0.195 202
 204 4 -26.46 -2.43 34.5 0.195 203
 205 4 -26.96 -3.04 34.5 0.195 204
 206 4 -28.66 -3.22 36 0.195 205
 207 4 -30.42 -3.65 36 0.195 206
 208 4 -32.48 -4.54 36 0.195 207
 209 4 -34.15 -5.63 36 0.195 208
 210 4 -35.38 -6.64 36 0.195 209
 211 4 -36.17 -7.53 36 0.195 210
 212 4 -36.76 -8.61 36 0.195 211
 213 4 -37.15 -9.95 36 0.195 212
 214 4 -37.4 -11.14 36 0.195 213
 215 4 -37.49 -11.86 36 0.195 214
 216 4 1.21 2.83 0 0.28 1
 217 4 1.37 4.04 0 0.28 216
 218 4 1.72 5.7 0 0.28 217
 219 4 1.71 7.09 0 0.28 218
 220 4 1.69 8.22 0 0.28 219
 221 4 2.21 9.7 -1.5 0.28 220
 222 4 2.68 12.29 -1.5 0.28 221
 223 4 2.96 13.61 -1.5 0.28 222
